-3.2732493809158705e-13
-3.1759558977758755e-13
-2.984519878086251e-13
-2.705174630162134e-13
-2.3470872768766686e-13
-1.9221118532083594e-13
-1.4444261146408152e-13
-9.300430150228867e-14
-3.9620363197825726e-14
1.393225361118432e-14
6.58986246395711e-14
1.146200794118019e-13
1.5860200563114387e-13
1.9657021444822346e-13
2.275124762575591e-13
2.507039412760883e-13
2.65717252672765e-13
2.724197665794896e-13
2.709610782019812e-13
2.6175391060152377e-13
2.454505010148196e-13
2.229152778783534e-13
1.9519332843414505e-13
1.6347335843612037e-13
1.2904384113835977e-13
9.32419085024599e-14
5.739606441519855e-14
2.2765601464588732e-14
-9.518818630300447e-15
-3.850807097835955e-14
-6.347571394902316e-14
-8.394328689378427e-14
-9.968767056494985e-14
-1.1073083964104438e-13
-1.1731463636616372e-13
-1.198648683143986e-13
-1.1894973421962647e-13
-1.1523721119481924e-13
-1.0945476872562803e-13
-1.0235300814034674e-13
-9.46730761758539e-14
-8.711646156852605e-14
-8.031539423688587e-14
-7.480262253731833e-14
-7.098066952646129e-14
-6.909236438642593e-14
-6.919599313690689e-14
-7.114931793234118e-14
-7.460663665310122e-14
-7.903190377307318e-14
-8.372889791528277e-14
-8.78869243492613e-14
-9.06381349159778e-14
-9.112077673112095e-14
-8.854194056849062e-14
-8.22338190816092e-14
-7.169896948495944e-14
-5.664222304796176e-14
-3.698916441576958e-14
-1.289297476535459e-14
1.5267522735673475e-14
4.689574560812191e-14
8.118918834792472e-14
1.171547247017615e-13
1.5362847658527655e-13
1.8930252365679162e-13
2.2276108049555726e-13
2.5252811352106466e-13
2.7712678904163304e-13
2.95148969873055e-13
3.053307121040907e-13
3.06627900390308e-13
2.982852513581795e-13
2.798921565215369e-13
2.5142020826881084e-13
2.132394736726934e-13
1.661131787553237e-13
1.1117289331502394e-13
4.987807479456083e-14
-1.603537462177825e-14
-8.461312734516921e-14
-1.5374371011043733e-13
-2.212212819302117e-13
-2.8480967236172934e-13
-3.423084753817671e-13
-3.916222199707311e-13
-4.3083296503124844e-13
-4.582752485362517e-13
-4.726105212772518e-13
-4.728964932516585e-13
-4.586456916262049e-13
-4.298673280039325e-13
-3.870874442365952e-13
-3.313441480664568e-13
-2.6415723585229426e-13
-1.8747415493294155e-13
-1.0359657146463647e-13
-1.5093351746698197e-14
7.529371256706865e-14
1.6474561664814977e-13
2.504588013509324e-13
3.2973202030434063e-13
4.0004638522045995e-13
4.591387948406414e-13
5.050694290517024e-13
5.362836308946599e-13
5.516674565451158e-13
5.50594785184944e-13
5.329625874484933e-13
4.992101853193445e-13
4.503184140503499e-13
3.8778563670992166e-13
3.1357945221980935e-13
2.300653568868006e-13
1.39916108875001e-13
4.600761447653468e-14
-4.8691603870237266e-14
-1.4123011619678099e-13
-2.2877610660186133e-13
-3.087080517897982e-13
-3.786910327152588e-13
-4.367382287901742e-13
-4.81258711637954e-13
-5.110934130442757e-13
-5.255409996362662e-13
-5.24374488594365e-13
-5.078481239515618e-13
-4.766927513246813e-13
-4.3209712613036816e-13
-3.756725948710278e-13
-3.093995258512693e-13
-2.355556193828548e-13
-1.5662846482260086e-13
-7.521695789773616e-14
6.072056577997765e-15
8.472470410806969e-14
1.5841162151449103e-13
2.2506453546852378e-13
2.8293445555625415e-13
3.306305644415726e-13
3.6714120659760895e-13
3.9184003458281786e-13
4.0448106372827846e-13
4.05186051297607e-13
3.944264493286782e-13
3.7300058086562325e-13
3.4200515893372313e-13
3.0279928213841734e-13
2.569589273806047e-13
2.0622081194082916e-13
1.5241614628669704e-13
9.739685613441588e-14
4.2958803074040296e-14
-9.232132971954608e-15
-5.770490556953878e-14
-1.0123368180307299e-13
-1.388701541282016e-13
-1.6995663874456252e-13
-1.9412138252613286e-13
-2.1125963286456534e-13
-2.2150528016582793e-13
-2.251980368750251e-13
-2.2285021649837772e-13
-2.1511552389039675e-13
-2.0276034323161813e-13
-1.8663634423591947e-13
-1.6765226763296684e-13
-1.4674274686153104e-13
-1.2483296201406537e-13
-1.0279953593374802e-13
-8.142991729534514e-14
-6.138403140392263e-14
-4.316276565483641e-14
-2.708762966188377e-14
-1.3294683103035502e-14
-1.743810222848145e-15
7.757912375367607e-15
1.552212729194407e-14
2.19391870738831e-14
2.743745241784377e-14
3.244649687863825e-14
3.7367330085281674e-14
4.2550810131862485e-14
4.828352071767033e-14
5.4779007414852903e-14
6.21717156760968e-14
7.051133648422935e-14
7.975638293485992e-14
8.976733292208629e-14
1.0030112029742329e-13
1.1100970427909769e-13
1.2144559883310848e-13
1.3107652103033585e-13
1.3930987625232398e-13
1.4552598704344355e-13
1.4911723892068242e-13
1.495290892769737e-13
1.462984633458176e-13
1.3908553727757345e-13
1.2769615010041823e-13
1.1209377425322899e-13
9.24016892646159e-14
6.889733724054776e-14
4.20015013170717e-14
1.2264837352062953e-14
-1.964648772087906e-14
-5.296545956738376e-14
-8.683976539007687e-14
-1.2034963710561645e-13
-1.525296230900092e-13
-1.823954719584172e-13
-2.0897630179967606e-13
-2.31350933416204e-13
-2.486860405851331e-13
-2.602729503911732e-13
-2.655597394864385e-13
-2.6417577596106803e-13
-2.5594692759717024e-13
-2.4090102632703373e-13
-2.192645060935281e-13
-1.9145209983978218e-13
-1.5805188109600384e-13
-1.1980771767850042e-13
-7.760049017555615e-14
-3.242846864984482e-14
1.4613652018318138e-14
6.235810387643095e-14
1.0959085752392518e-13
1.5508245746019483e-13
1.9762254145341573e-13
2.360566644535028e-13
2.6932317317553666e-13
2.9648742788164145e-13
3.167707870835363e-13
3.295724466757067e-13
3.3448329188916026e-13
3.3129210528289076e-13
3.1998547160996363e-13
3.0074327827028936e-13
2.739316983873913e-13
2.400949914170202e-13
1.9994654372990954e-13
1.543585800892709e-13
1.0434921060934056e-13
5.1065178802510383e-14
-4.241043620281458e-15
-6.024036202079559e-14
-1.155617787202206e-13
-1.688309846331626e-13
-2.187102122261839e-13
-2.639364050914298e-13
-3.033550617867043e-13
-3.359479829555581e-13
-3.608543678428202e-13
-3.773859485180887e-13
-3.8503778517752057e-13
-3.834967204176675e-13
-3.7264920040966173e-13
-3.5258929329578824e-13
-3.236265105511591e-13
-2.862918084633572e-13
-2.413392692713281e-13
-1.897407066073144e-13
-1.3267092130560096e-13
-7.148247269848381e-14
-7.670372601052627e-15
5.717131289065232e-14
1.2139774032097563e-13
1.8336265509424971e-13
2.4146527337757507e-13
2.9419205042836793e-13
3.4015212671906775e-13
3.7810676227524107e-13
4.0699428122575177e-13
4.2595262541687794e-13
4.3434139727413483e-13
4.317643093795679e-13
4.180915062291789e-13
3.9347967801580486e-13
3.5838668316148606e-13
3.135768991363323e-13
2.6011392396183283e-13
1.993385236536652e-13
1.3283161137395227e-13
6.236413671342489e-14
-1.0162418297619094e-14
-8.278011428465396e-14
-1.5351819868394033e-13
-2.2046210461130106e-13
-2.8180512807826844e-13
-3.358919919034915e-13
-3.812552476549833e-13
-4.1664661925942094e-13
-4.410656600892647e-13
-4.5378741920816567e-13
-4.5438938408093804e-13
-4.427761851408834e-13
-4.1919891797003487e-13
-3.8426494551382417e-13
-3.389340221503318e-13
-2.844976318727759e-13
-2.225403829661224e-13
-1.548847468382671e-13
-8.352282780878541e-14
-1.0540658400636802e-14
6.195868213219253e-14
1.3192720583558618e-13
1.9743494121958854e-13
2.5672133335572033e-13
3.0823513425053105e-13
3.506647250675986e-13
3.8296187376942317e-13
4.043618934375378e-13
4.144020803119033e-13
4.1293850611610383e-13
4.0015924115383003e-13
3.765904793880401e-13
3.4309132146465643e-13
3.0083342399414757e-13
2.512633249252765e-13
1.9604768904408828e-13
1.370044438235963e-13
7.602516121989212e-14
1.4995518109940633e-14
-4.427912194383208e-14
-1.0013707780891946e-13
-1.51108921890682e-13
-1.9595023035086212e-13
-2.3366011742710364e-13
-2.634890760999803e-13
-2.849404280434838e-13
-2.977691978486334e-13
-3.019806649329421e-13
-2.9782868343847726e-13
-2.858117239131446e-13
-2.666631030998542e-13
-2.4133148507816975e-13
-2.1094862683841834e-13
-1.7678333869297066e-13
-1.401832734884443e-13
-1.0250880558035121e-13
-6.506524842992795e-14
-2.9040474504779205e-14
4.5455906470040345e-15
3.4875018330716126e-14
6.134765164300205e-14
8.357978475846311e-14
1.013894700310698e-13
1.147736966515066e-13
1.238828736653372e-13
1.2899693816391602e-13
1.3050535327889789e-13
1.2889084975278132e-13
1.2471466830630613e-13
1.1859985329674026e-13
1.1120916498942314e-13
1.0321542442641753e-13
9.526425907209931e-14
8.79317118119563e-14
8.168134466264395e-14
7.682671917840105e-14
7.35051015121241e-14
7.166687555252084e-14
7.108273966573292e-14
7.136785878922839e-14
7.201941303931484e-14
7.246204850193552e-14
7.209501473433028e-14
7.033538087014755e-14
6.665344345676049e-14
6.05987911526698e-14
5.1817850538488397e-14
4.006550130604998e-14
2.521409102800211e-14
7.26275427146672e-15
-1.365148352870522e-14
-3.724132744015894e-14
-6.30580459630909e-14
-9.048539003832897e-14
-1.1874285473040933e-13
-1.4690176163375327e-13
-1.7391584793857752e-13
-1.986656508988065e-13
-2.200135372550038e-13
-2.3686431882969144e-13
-2.4822545568211395e-13
-2.532610715723391e-13
-2.513353011636106e-13
-2.42042506410125e-13
-2.2522413192392666e-13
-2.0097387947379874e-13
-1.6963404353123975e-13
-1.3178605091752289e-13
-8.823753715548511e-14
-4.0006957772014083e-14
1.1694782810282323e-14
6.548742294448563e-14
1.1985143751490398e-13
1.7316709111564644e-13
2.2376326475878293e-13
2.699751777416591e-13
3.1020830112740247e-13
3.430042538460393e-13
3.671036577034567e-13
3.8150100006274533e-13
3.8548748916104336e-13
3.7867945613252414e-13
3.610316872076216e-13
3.328367445410095e-13
2.9471250470407804e-13
2.475806106840097e-13
1.9263829078805225e-13
1.3132522555067962e-13
6.528614876780338e-14
-3.671002222921241e-15
-7.362202802376678e-14
-1.4257902414954138e-13
-2.0854839891225062e-13
-2.6959313309869975e-13
-3.238968971755263e-13
-3.6982669289577417e-13
-4.059902163212733e-13
-4.312842884717376e-13
-4.4493145158642183e-13
-4.4650301886005434e-13
-4.359282282872348e-13
-4.134903931175177e-13
-3.798118169615468e-13
-3.3582961492480486e-13
-2.827644565962048e-13
-2.2208375608396045e-13
-1.5546019948764556e-13
-8.472596407206785e-14
-1.1822742059678554e-14
6.125216877686327e-14
1.3250293431483606e-13
1.9999390882126768e-13
2.6190777452521284e-13
3.166003378772173e-13
3.6264909812307777e-13
3.988930407407875e-13
4.244618602216866e-13
4.3879382851474775e-13
4.4164257717102957e-13
4.3307392705070876e-13
4.1345440795020446e-13
3.8343318927454484e-13
3.439188359530705e-13
2.9605175725364906e-13
2.4117263609407683e-13
1.8078672090302659e-13
1.165237826311476e-13
5.0093838514153803e-14
-1.6760640807485855e-14
-8.231455454403812e-14
-1.4490983172312986e-13
-2.0300230241907994e-13
-2.5520314914685414e-13
-3.0031277218353584e-13
-3.3734576063401463e-13
-3.6554673014641447e-13
-3.8439782662583815e-13
-3.93619464131755e-13
-3.9316619109650073e-13
-3.832194014820462e-13
-3.6417799687904273e-13
-3.3664724727469117e-13
-3.0142524604666267e-13
-2.594857648676032e-13
-2.119561769525694e-13
-1.600895041659848e-13
-1.052304851053262e-13
-4.8776659786604015e-14
7.863455537131675e-15
6.331225947482281e-14
1.1626193649570318e-13
1.6550760220053176e-13
2.0997295775619869e-13
2.487279803640352e-13
2.8099951376473057e-13
3.06176676998335e-13
3.2381351543006535e-13
3.3363114360071876e-13
3.355208155987147e-13
3.2954811439989237e-13
3.1595710586679833e-13
2.951722233592638e-13
2.677951470698959e-13
2.3459419120423727e-13
1.9648469562737318e-13
1.5450042785221787e-13
1.097576817837183e-13
6.341519744353189e-14
1.663385217684167e-14
-2.9459938161273367e-14
-7.380404099570447e-14
-1.1542211871600145e-13
-1.5343712213422664e-13
-1.8707871773577245e-13
-2.1568767114682954e-13
-2.387204069528199e-13
-2.55756226955089e-13
-2.665081753773031e-13
-2.708366748894382e-13
-2.687633168392688e-13
-2.6048105341432673e-13
-2.463568489610787e-13
-2.2692370908842827e-13
-2.028607568934596e-13
-1.7496226686355417e-13
-1.4409875909964236e-13
-1.1117485379877712e-13
-7.70891770324287e-14
-4.270102617166031e-14
-8.806872487879535e-15
2.3872506794724266e-14
5.46958478485683e-14
8.309961575865956e-14
1.0859494159071164e-13
1.3076727782312782e-13
1.4928131692147608e-13
1.6389152355505758e-13
1.7445627772717688e-13
1.8095175128575833e-13
1.8348077010795254e-13
1.8227232398171814e-13
1.7766902280919655e-13
1.701022863627507e-13
1.6005778897169205e-13
1.4803597426568525e-13
1.3451371857134636e-13
1.1991311465728446e-13
1.0458187153273552e-13
8.878732829076596e-14
7.272316932311749e-14
5.652532152054059e-14
4.029185336921272e-14
2.41013828793801e-14
8.025592549431485e-15
-7.8663600029722e-15
-2.3511047016659717e-14
-3.8858615092997715e-14
-5.388068682442681e-14
-6.857345172000671e-14
-8.29522095515984e-14
-9.703590023665035e-14
-1.1082298633193021e-13
-1.2426271327782005e-13
-1.3722755895713272e-13
-1.4949311326610254e-13
-1.6073055683409218e-13
-1.7051457211836618e-13
-1.783464766934829e-13
-1.8368935327690033e-13
-1.8600969070869716e-13
-1.848190778492087e-13
-1.7971001305679298e-13
-1.7038173261240306e-13
-1.5665461914313587e-13
-1.3847452491551065e-13
-1.159105182633793e-13
-8.915058674244653e-14
-5.849946860031918e-14
-2.438116260212613e-14
1.2653756589065759e-14
5.191844721299432e-14
9.258215234548873e-14
1.3366988065639465e-13
1.7407418042128468e-13
2.1258195218437912e-13
2.479165493778971e-13
2.787924847687936e-13
3.039775921076498e-13
3.2235606508349165e-13
3.329857245836029e-13
3.3514412779773317e-13
3.2836038168809593e-13
3.124321816435323e-13
2.87430007644097e-13
2.53692007398582e-13
2.118135406531546e-13
1.6263462197760147e-13
1.0722685910887186e-13
4.687944659674698e-14
-1.691806154198072e-14
-8.24995766550115e-14
-1.4805630412503267e-13
-2.1168288952188416e-13
-2.7143621945382694e-13
-3.254048191392489e-13
-3.7178454530814216e-13
-4.0895471342242577e-13
-4.3554828487156824e-13
-4.505103804272756e-13
-4.53141014036345e-13
-4.431201636947361e-13
-4.205155990877842e-13
-3.8577576205329447e-13
-3.3971107024227667e-13
-2.8346712918894573e-13
-2.1849258345710855e-13
-1.4650301812319123e-13
-6.944087119558663e-14
1.056981622699982e-14
9.127545398421043e-14
1.7035304424455373e-13
2.454785675635552e-13
3.1440214151632344e-13
3.750267441616713e-13
4.254858827440246e-13
4.64214856205134e-13
4.900104046432824e-13
5.020745514173244e-13
5.000401168681922e-13
4.839773644263337e-13
4.5438312065126036e-13
4.121551226489561e-13
3.5855504928338543e-13
2.9516362705338095e-13
2.2383049555071237e-13
1.4662044798083902e-13
6.57565806610138e-14
-1.6439873519006024e-14
-9.76134556960186e-14
-1.754421370088604e-13
-2.4770776769655953e-13
-3.1236713861212113e-13
-3.676203072681138e-13
-4.119720689395426e-13
-4.4428232422614036e-13
-4.638017035133113e-13
-4.701900745077883e-13
-4.635172412812087e-13
-4.442469015149097e-13
-4.1320640587749373e-13
-3.7154577440427113e-13
-3.206896261834195e-13
-2.622852038234036e-13
-1.981487220400955e-13
-1.3021115149357935e-13
-6.046360542892231e-14
9.09799301225439e-15
7.652917823434407e-14
1.3999369049400474e-13
1.9781922199511743e-13
2.4854960710947313e-13
2.9099013942418496e-13
3.2424252375788146e-13
3.4772652102110165e-13
3.611865631990984e-13
3.6468326794997356e-13
3.5857150583636866e-13
3.4346807531075177e-13
3.202128020806807e-13
2.898268425905204e-13
2.5347118577156977e-13
2.124070605298671e-13
1.679585496451054e-13
1.2147659489736533e-13
7.430307976986169e-14
2.7733942462303476e-14
-1.7018775237374276e-14
-5.886468728486769e-14
-9.68700504262134e-14
-1.302865405805112e-13
-1.585703201952383e-13
-1.8138875656701986e-13
-1.986137917520253e-13
-2.103030202364203e-13
-2.1667149441861382e-13
-2.1805864017648421e-13
-2.1489505495371488e-13
-2.076732581358961e-13
-1.969248413458834e-13
-1.832043555615562e-13
-1.6707825028713e-13
-1.4911581486691695e-13
-1.298787601240349e-13
-1.0990692678661922e-13
-8.969939095907791e-14
-6.969245036347851e-14
-5.023796368045259e-14
-3.1586656364576646e-14
-1.3880888481537638e-14
2.84006886038947e-15
1.8621677889493936e-14
3.3565018606476684e-14
4.7791771841366756e-14
6.140964012995408e-14
7.448451648460477e-14
8.702411570217327e-14
9.8974991801914e-14
1.1023159096242546e-13
1.2065310164264188e-13
1.300821537335633e-13
1.3835937665614294e-13
1.453294940120524e-13
1.5083757573437425e-13
1.5471748251462961e-13
1.5677745718775085e-13
1.5678938405202604e-13
1.5448793893604886e-13
1.4958368354001445e-13
1.417906348774633e-13
1.3086488134643467e-13
1.1664749638380283e-13
9.91032598467189e-14
7.834707786882734e-14
5.4652473341835035e-14
2.8440506303069335e-14
2.519532403789937e-16
-2.9290655488254637e-14
-5.952249088403424e-14
-8.97689684433861e-14
-1.1936547270478972e-13
-1.4766244934712178e-13
-1.7401862733859324e-13
-1.9778892761361605e-13
-2.1831555049508335e-13
-2.3493022696417774e-13
-2.469727475690877e-13
-2.538263818480409e-13
-2.549658726026706e-13
-2.500096811957161e-13
-2.3876619822483636e-13
-2.212643084055814e-13
-1.977618911231272e-13
-1.687307424098079e-13
-1.3482173487999166e-13
-9.681837018371908e-14
-5.558905737964873e-14
-1.2047879429145419e-14
3.2869557624146806e-14
7.82134980719466e-14
1.2301422480377436e-13
1.6627086749612513e-13
2.0694459765024042e-13
2.439651219634346e-13
2.7625591813615246e-13
3.0277850464868486e-13
3.2259059705144507e-13
3.3490876725306944e-13
3.3916436008069066e-13
3.350424617399172e-13
3.2249739575628346e-13
3.017435597947422e-13
2.7322597422276313e-13
2.3757919409552463e-13
1.9558509669910093e-13
1.4813902088326816e-13
9.623012472019849e-14
4.0936675711746924e-14
-1.6568253574820388e-14
-7.500906904545304e-14
-1.3300769192884095e-13
-1.890996490103873e-13
-2.4177057936443515e-13
-2.8951220426499433e-13
-3.3089157407740863e-13
-3.646236915757017e-13
-3.896364239964218e-13
-4.051182611192928e-13
-4.1054347504304406e-13
-4.056744662376901e-13
-3.905460914995069e-13
-3.6544019617547674e-13
-3.3085951249044763e-13
-2.8750834690226764e-13
-2.362836290850575e-13
-1.7827509064831996e-13
-1.1476899760571179e-13
-4.7247245816403124e-14
2.262649207903888e-14
9.303945830889894e-14
1.6208294309921725e-13
2.278225115423585e-13
2.883777445671638e-13
3.4200156876619404e-13
3.8714941367157016e-13
4.2253101569719423e-13
4.471419118255924e-13
4.602763084337672e-13
4.471419118255924e-13
4.2253101569719423e-13
3.8714941367157016e-13
3.4200156876619404e-13
2.883777445671638e-13
2.278225115423585e-13
1.6208294309921725e-13
9.303945830889894e-14
2.262649207903888e-14
-4.7247245816403124e-14
-1.1476899760571179e-13
-1.7827509064831996e-13
-2.362836290850575e-13
-2.8750834690226764e-13
-3.3085951249044763e-13
-3.6544019617547674e-13
-3.905460914995069e-13
-4.056744662376901e-13
-4.1054347504304406e-13
-4.051182611192928e-13
-3.896364239964218e-13
-3.646236915757017e-13
-3.3089157407740863e-13
-2.8951220426499433e-13
-2.4177057936443515e-13
-1.890996490103873e-13
-1.3300769192884095e-13
-7.500906904545304e-14
-1.6568253574820388e-14
4.0936675711746924e-14
9.623012472019849e-14
1.4813902088326816e-13
1.9558509669910093e-13
2.3757919409552463e-13
2.7322597422276313e-13
3.017435597947422e-13
3.2249739575628346e-13
3.350424617399172e-13
3.3916436008069066e-13
3.3490876725306944e-13
3.2259059705144507e-13
3.0277850464868486e-13
2.7625591813615246e-13
2.439651219634346e-13
2.0694459765024042e-13
1.6627086749612513e-13
1.2301422480377436e-13
7.82134980719466e-14
3.2869557624146806e-14
-1.2047879429145419e-14
-5.558905737964873e-14
-9.681837018371908e-14
-1.3482173487999166e-13
-1.687307424098079e-13
-1.977618911231272e-13
-2.212643084055814e-13
-2.3876619822483636e-13
-2.500096811957161e-13
-2.549658726026706e-13
-2.538263818480409e-13
-2.469727475690877e-13
-2.3493022696417774e-13
-2.1831555049508335e-13
-1.9778892761361605e-13
-1.7401862733859324e-13
-1.4766244934712178e-13
-1.1936547270478972e-13
-8.97689684433861e-14
-5.952249088403424e-14
-2.9290655488254637e-14
2.519532403789937e-16
2.8440506303069335e-14
5.4652473341835035e-14
7.834707786882734e-14
9.91032598467189e-14
1.1664749638380283e-13
1.3086488134643467e-13
1.417906348774633e-13
1.4958368354001445e-13
1.5448793893604886e-13
1.5678938405202604e-13
1.5677745718775085e-13
1.5471748251462961e-13
1.5083757573437425e-13
1.453294940120524e-13
1.3835937665614294e-13
1.300821537335633e-13
1.2065310164264188e-13
1.1023159096242546e-13
9.8974991801914e-14
8.702411570217327e-14
7.448451648460477e-14
6.140964012995408e-14
4.7791771841366756e-14
3.3565018606476684e-14
1.8621677889493936e-14
2.84006886038947e-15
-1.3880888481537638e-14
-3.1586656364576646e-14
-5.023796368045259e-14
-6.969245036347851e-14
-8.969939095907791e-14
-1.0990692678661922e-13
-1.298787601240349e-13
-1.4911581486691695e-13
-1.6707825028713e-13
-1.832043555615562e-13
-1.969248413458834e-13
-2.076732581358961e-13
-2.1489505495371488e-13
-2.1805864017648421e-13
-2.1667149441861382e-13
-2.103030202364203e-13
-1.986137917520253e-13
-1.8138875656701986e-13
-1.585703201952383e-13
-1.302865405805112e-13
-9.68700504262134e-14
-5.886468728486769e-14
-1.7018775237374276e-14
2.7733942462303476e-14
7.430307976986169e-14
1.2147659489736533e-13
1.679585496451054e-13
2.124070605298671e-13
2.5347118577156977e-13
2.898268425905204e-13
3.202128020806807e-13
3.4346807531075177e-13
3.5857150583636866e-13
3.6468326794997356e-13
3.611865631990984e-13
3.4772652102110165e-13
3.2424252375788146e-13
2.9099013942418496e-13
2.4854960710947313e-13
1.9781922199511743e-13
1.3999369049400474e-13
7.652917823434407e-14
9.09799301225439e-15
-6.046360542892231e-14
-1.3021115149357935e-13
-1.981487220400955e-13
-2.622852038234036e-13
-3.206896261834195e-13
-3.7154577440427113e-13
-4.1320640587749373e-13
-4.442469015149097e-13
-4.635172412812087e-13
-4.701900745077883e-13
-4.638017035133113e-13
-4.4428232422614036e-13
-4.119720689395426e-13
-3.676203072681138e-13
-3.1236713861212113e-13
-2.4770776769655953e-13
-1.754421370088604e-13
-9.76134556960186e-14
-1.6439873519006024e-14
6.57565806610138e-14
1.4662044798083902e-13
2.2383049555071237e-13
2.9516362705338095e-13
3.5855504928338543e-13
4.121551226489561e-13
4.5438312065126036e-13
4.839773644263337e-13
5.000401168681922e-13
5.020745514173244e-13
4.900104046432824e-13
4.64214856205134e-13
4.254858827440246e-13
3.750267441616713e-13
3.1440214151632344e-13
2.454785675635552e-13
1.7035304424455373e-13
9.127545398421043e-14
1.056981622699982e-14
-6.944087119558663e-14
-1.4650301812319123e-13
-2.1849258345710855e-13
-2.8346712918894573e-13
-3.3971107024227667e-13
-3.8577576205329447e-13
-4.205155990877842e-13
-4.431201636947361e-13
-4.53141014036345e-13
-4.505103804272756e-13
-4.3554828487156824e-13
-4.0895471342242577e-13
-3.7178454530814216e-13
-3.254048191392489e-13
-2.7143621945382694e-13
-2.1168288952188416e-13
-1.4805630412503267e-13
-8.24995766550115e-14
-1.691806154198072e-14
4.687944659674698e-14
1.0722685910887186e-13
1.6263462197760147e-13
2.118135406531546e-13
2.53692007398582e-13
2.87430007644097e-13
3.124321816435323e-13
3.2836038168809593e-13
3.3514412779773317e-13
3.329857245836029e-13
3.2235606508349165e-13
3.039775921076498e-13
2.787924847687936e-13
2.479165493778971e-13
2.1258195218437912e-13
1.7407418042128468e-13
1.3366988065639465e-13
9.258215234548873e-14
5.191844721299432e-14
1.2653756589065759e-14
-2.438116260212613e-14
-5.849946860031918e-14
-8.915058674244653e-14
-1.159105182633793e-13
-1.3847452491551065e-13
-1.5665461914313587e-13
-1.7038173261240306e-13
-1.7971001305679298e-13
-1.848190778492087e-13
-1.8600969070869716e-13
-1.8368935327690033e-13
-1.783464766934829e-13
-1.7051457211836618e-13
-1.6073055683409218e-13
-1.4949311326610254e-13
-1.3722755895713272e-13
-1.2426271327782005e-13
-1.1082298633193021e-13
-9.703590023665035e-14
-8.29522095515984e-14
-6.857345172000671e-14
-5.388068682442681e-14
-3.8858615092997715e-14
-2.3511047016659717e-14
-7.8663600029722e-15
8.025592549431485e-15
2.41013828793801e-14
4.029185336921272e-14
5.652532152054059e-14
7.272316932311749e-14
8.878732829076596e-14
1.0458187153273552e-13
1.1991311465728446e-13
1.3451371857134636e-13
1.4803597426568525e-13
1.6005778897169205e-13
1.701022863627507e-13
1.7766902280919655e-13
1.8227232398171814e-13
1.8348077010795254e-13
1.8095175128575833e-13
1.7445627772717688e-13
1.6389152355505758e-13
1.4928131692147608e-13
1.3076727782312782e-13
1.0859494159071164e-13
8.309961575865956e-14
5.46958478485683e-14
2.3872506794724266e-14
-8.806872487879535e-15
-4.270102617166031e-14
-7.70891770324287e-14
-1.1117485379877712e-13
-1.4409875909964236e-13
-1.7496226686355417e-13
-2.028607568934596e-13
-2.2692370908842827e-13
-2.463568489610787e-13
-2.6048105341432673e-13
-2.687633168392688e-13
-2.708366748894382e-13
-2.665081753773031e-13
-2.55756226955089e-13
-2.387204069528199e-13
-2.1568767114682954e-13
-1.8707871773577245e-13
-1.5343712213422664e-13
-1.1542211871600145e-13
-7.380404099570447e-14
-2.9459938161273367e-14
1.663385217684167e-14
6.341519744353189e-14
1.097576817837183e-13
1.5450042785221787e-13
1.9648469562737318e-13
2.3459419120423727e-13
2.677951470698959e-13
2.951722233592638e-13
3.1595710586679833e-13
3.2954811439989237e-13
3.355208155987147e-13
3.3363114360071876e-13
3.2381351543006535e-13
3.06176676998335e-13
2.8099951376473057e-13
2.487279803640352e-13
2.0997295775619869e-13
1.6550760220053176e-13
1.1626193649570318e-13
6.331225947482281e-14
7.863455537131675e-15
-4.8776659786604015e-14
-1.052304851053262e-13
-1.600895041659848e-13
-2.119561769525694e-13
-2.594857648676032e-13
-3.0142524604666267e-13
-3.3664724727469117e-13
-3.6417799687904273e-13
-3.832194014820462e-13
-3.9316619109650073e-13
-3.93619464131755e-13
-3.8439782662583815e-13
-3.6554673014641447e-13
-3.3734576063401463e-13
-3.0031277218353584e-13
-2.5520314914685414e-13
-2.0300230241907994e-13
-1.4490983172312986e-13
-8.231455454403812e-14
-1.6760640807485855e-14
5.0093838514153803e-14
1.165237826311476e-13
1.8078672090302659e-13
2.4117263609407683e-13
2.9605175725364906e-13
3.439188359530705e-13
3.8343318927454484e-13
4.1345440795020446e-13
4.3307392705070876e-13
4.4164257717102957e-13
4.3879382851474775e-13
4.244618602216866e-13
3.988930407407875e-13
3.6264909812307777e-13
3.166003378772173e-13
2.6190777452521284e-13
1.9999390882126768e-13
1.3250293431483606e-13
6.125216877686327e-14
-1.1822742059678554e-14
-8.472596407206785e-14
-1.5546019948764556e-13
-2.2208375608396045e-13
-2.827644565962048e-13
-3.3582961492480486e-13
-3.798118169615468e-13
-4.134903931175177e-13
-4.359282282872348e-13
-4.4650301886005434e-13
-4.4493145158642183e-13
-4.312842884717376e-13
-4.059902163212733e-13
-3.6982669289577417e-13
-3.238968971755263e-13
-2.6959313309869975e-13
-2.0854839891225062e-13
-1.4257902414954138e-13
-7.362202802376678e-14
-3.671002222921241e-15
6.528614876780338e-14
1.3132522555067962e-13
1.9263829078805225e-13
2.475806106840097e-13
2.9471250470407804e-13
3.328367445410095e-13
3.610316872076216e-13
3.7867945613252414e-13
3.8548748916104336e-13
3.8150100006274533e-13
3.671036577034567e-13
3.430042538460393e-13
3.1020830112740247e-13
2.699751777416591e-13
2.2376326475878293e-13
1.7316709111564644e-13
1.1985143751490398e-13
6.548742294448563e-14
1.1694782810282323e-14
-4.0006957772014083e-14
-8.823753715548511e-14
-1.3178605091752289e-13
-1.6963404353123975e-13
-2.0097387947379874e-13
-2.2522413192392666e-13
-2.42042506410125e-13
-2.513353011636106e-13
-2.532610715723391e-13
-2.4822545568211395e-13
-2.3686431882969144e-13
-2.200135372550038e-13
-1.986656508988065e-13
-1.7391584793857752e-13
-1.4690176163375327e-13
-1.1874285473040933e-13
-9.048539003832897e-14
-6.30580459630909e-14
-3.724132744015894e-14
-1.365148352870522e-14
7.26275427146672e-15
2.521409102800211e-14
4.006550130604998e-14
5.1817850538488397e-14
6.05987911526698e-14
6.665344345676049e-14
7.033538087014755e-14
7.209501473433028e-14
7.246204850193552e-14
7.201941303931484e-14
7.136785878922839e-14
7.108273966573292e-14
7.166687555252084e-14
7.35051015121241e-14
7.682671917840105e-14
8.168134466264395e-14
8.79317118119563e-14
9.526425907209931e-14
1.0321542442641753e-13
1.1120916498942314e-13
1.1859985329674026e-13
1.2471466830630613e-13
1.2889084975278132e-13
1.3050535327889789e-13
1.2899693816391602e-13
1.238828736653372e-13
1.147736966515066e-13
1.013894700310698e-13
8.357978475846311e-14
6.134765164300205e-14
3.4875018330716126e-14
4.5455906470040345e-15
-2.9040474504779205e-14
-6.506524842992795e-14
-1.0250880558035121e-13
-1.401832734884443e-13
-1.7678333869297066e-13
-2.1094862683841834e-13
-2.4133148507816975e-13
-2.666631030998542e-13
-2.858117239131446e-13
-2.9782868343847726e-13
-3.019806649329421e-13
-2.977691978486334e-13
-2.849404280434838e-13
-2.634890760999803e-13
-2.3366011742710364e-13
-1.9595023035086212e-13
-1.51108921890682e-13
-1.0013707780891946e-13
-4.427912194383208e-14
1.4995518109940633e-14
7.602516121989212e-14
1.370044438235963e-13
1.9604768904408828e-13
2.512633249252765e-13
3.0083342399414757e-13
3.4309132146465643e-13
3.765904793880401e-13
4.0015924115383003e-13
4.1293850611610383e-13
4.144020803119033e-13
4.043618934375378e-13
3.8296187376942317e-13
3.506647250675986e-13
3.0823513425053105e-13
2.5672133335572033e-13
1.9743494121958854e-13
1.3192720583558618e-13
6.195868213219253e-14
-1.0540658400636802e-14
-8.352282780878541e-14
-1.548847468382671e-13
-2.225403829661224e-13
-2.844976318727759e-13
-3.389340221503318e-13
-3.8426494551382417e-13
-4.1919891797003487e-13
-4.427761851408834e-13
-4.5438938408093804e-13
-4.5378741920816567e-13
-4.410656600892647e-13
-4.1664661925942094e-13
-3.812552476549833e-13
-3.358919919034915e-13
-2.8180512807826844e-13
-2.2046210461130106e-13
-1.5351819868394033e-13
-8.278011428465396e-14
-1.0162418297619094e-14
6.236413671342489e-14
1.3283161137395227e-13
1.993385236536652e-13
2.6011392396183283e-13
3.135768991363323e-13
3.5838668316148606e-13
3.9347967801580486e-13
4.180915062291789e-13
4.317643093795679e-13
4.3434139727413483e-13
4.2595262541687794e-13
4.0699428122575177e-13
3.7810676227524107e-13
3.4015212671906775e-13
2.9419205042836793e-13
2.4146527337757507e-13
1.8336265509424971e-13
1.2139774032097563e-13
5.717131289065232e-14
-7.670372601052627e-15
-7.148247269848381e-14
-1.3267092130560096e-13
-1.897407066073144e-13
-2.413392692713281e-13
-2.862918084633572e-13
-3.236265105511591e-13
-3.5258929329578824e-13
-3.7264920040966173e-13
-3.834967204176675e-13
-3.8503778517752057e-13
-3.773859485180887e-13
-3.608543678428202e-13
-3.359479829555581e-13
-3.033550617867043e-13
-2.639364050914298e-13
-2.187102122261839e-13
-1.688309846331626e-13
-1.155617787202206e-13
-6.024036202079559e-14
-4.241043620281458e-15
5.1065178802510383e-14
1.0434921060934056e-13
1.543585800892709e-13
1.9994654372990954e-13
2.400949914170202e-13
2.739316983873913e-13
3.0074327827028936e-13
3.1998547160996363e-13
3.3129210528289076e-13
3.3448329188916026e-13
3.295724466757067e-13
3.167707870835363e-13
2.9648742788164145e-13
2.6932317317553666e-13
2.360566644535028e-13
1.9762254145341573e-13
1.5508245746019483e-13
1.0959085752392518e-13
6.235810387643095e-14
1.4613652018318138e-14
-3.242846864984482e-14
-7.760049017555615e-14
-1.1980771767850042e-13
-1.5805188109600384e-13
-1.9145209983978218e-13
-2.192645060935281e-13
-2.4090102632703373e-13
-2.5594692759717024e-13
-2.6417577596106803e-13
-2.655597394864385e-13
-2.602729503911732e-13
-2.486860405851331e-13
-2.31350933416204e-13
-2.0897630179967606e-13
-1.823954719584172e-13
-1.525296230900092e-13
-1.2034963710561645e-13
-8.683976539007687e-14
-5.296545956738376e-14
-1.964648772087906e-14
1.2264837352062953e-14
4.20015013170717e-14
6.889733724054776e-14
9.24016892646159e-14
1.1209377425322899e-13
1.2769615010041823e-13
1.3908553727757345e-13
1.462984633458176e-13
1.495290892769737e-13
1.4911723892068242e-13
1.4552598704344355e-13
1.3930987625232398e-13
1.3107652103033585e-13
1.2144559883310848e-13
1.1100970427909769e-13
1.0030112029742329e-13
8.976733292208629e-14
7.975638293485992e-14
7.051133648422935e-14
6.21717156760968e-14
5.4779007414852903e-14
4.828352071767033e-14
4.2550810131862485e-14
3.7367330085281674e-14
3.244649687863825e-14
2.743745241784377e-14
2.19391870738831e-14
1.552212729194407e-14
7.757912375367607e-15
-1.743810222848145e-15
-1.3294683103035502e-14
-2.708762966188377e-14
-4.316276565483641e-14
-6.138403140392263e-14
-8.142991729534514e-14
-1.0279953593374802e-13
-1.2483296201406537e-13
-1.4674274686153104e-13
-1.6765226763296684e-13
-1.8663634423591947e-13
-2.0276034323161813e-13
-2.1511552389039675e-13
-2.2285021649837772e-13
-2.251980368750251e-13
-2.2150528016582793e-13
-2.1125963286456534e-13
-1.9412138252613286e-13
-1.6995663874456252e-13
-1.388701541282016e-13
-1.0123368180307299e-13
-5.770490556953878e-14
-9.232132971954608e-15
4.2958803074040296e-14
9.739685613441588e-14
1.5241614628669704e-13
2.0622081194082916e-13
2.569589273806047e-13
3.0279928213841734e-13
3.4200515893372313e-13
3.7300058086562325e-13
3.944264493286782e-13
4.05186051297607e-13
4.0448106372827846e-13
3.9184003458281786e-13
3.6714120659760895e-13
3.306305644415726e-13
2.8293445555625415e-13
2.2506453546852378e-13
1.5841162151449103e-13
8.472470410806969e-14
6.072056577997765e-15
-7.521695789773616e-14
-1.5662846482260086e-13
-2.355556193828548e-13
-3.093995258512693e-13
-3.756725948710278e-13
-4.3209712613036816e-13
-4.766927513246813e-13
-5.078481239515618e-13
-5.24374488594365e-13
-5.255409996362662e-13
-5.110934130442757e-13
-4.81258711637954e-13
-4.367382287901742e-13
-3.786910327152588e-13
-3.087080517897982e-13
-2.2877610660186133e-13
-1.4123011619678099e-13
-4.8691603870237266e-14
4.600761447653468e-14
1.39916108875001e-13
2.300653568868006e-13
3.1357945221980935e-13
3.8778563670992166e-13
4.503184140503499e-13
4.992101853193445e-13
5.329625874484933e-13
5.50594785184944e-13
5.516674565451158e-13
5.362836308946599e-13
5.050694290517024e-13
4.591387948406414e-13
4.0004638522045995e-13
3.2973202030434063e-13
2.504588013509324e-13
1.6474561664814977e-13
7.529371256706865e-14
-1.5093351746698197e-14
-1.0359657146463647e-13
-1.8747415493294155e-13
-2.6415723585229426e-13
-3.313441480664568e-13
-3.870874442365952e-13
-4.298673280039325e-13
-4.586456916262049e-13
-4.728964932516585e-13
-4.726105212772518e-13
-4.582752485362517e-13
-4.3083296503124844e-13
-3.916222199707311e-13
-3.423084753817671e-13
-2.8480967236172934e-13
-2.212212819302117e-13
-1.5374371011043733e-13
-8.461312734516921e-14
-1.603537462177825e-14
4.987807479456083e-14
1.1117289331502394e-13
1.661131787553237e-13
2.132394736726934e-13
2.5142020826881084e-13
2.798921565215369e-13
2.982852513581795e-13
3.06627900390308e-13
3.053307121040907e-13
2.95148969873055e-13
2.7712678904163304e-13
2.5252811352106466e-13
2.2276108049555726e-13
1.8930252365679162e-13
1.5362847658527655e-13
1.171547247017615e-13
8.118918834792472e-14
4.689574560812191e-14
1.5267522735673475e-14
-1.289297476535459e-14
-3.698916441576958e-14
-5.664222304796176e-14
-7.169896948495944e-14
-8.22338190816092e-14
-8.854194056849062e-14
-9.112077673112095e-14
-9.06381349159778e-14
-8.78869243492613e-14
-8.372889791528277e-14
-7.903190377307318e-14
-7.460663665310122e-14
-7.114931793234118e-14
-6.919599313690689e-14
-6.909236438642593e-14
-7.098066952646129e-14
-7.480262253731833e-14
-8.031539423688587e-14
-8.711646156852605e-14
-9.46730761758539e-14
-1.0235300814034674e-13
-1.0945476872562803e-13
-1.1523721119481924e-13
-1.1894973421962647e-13
-1.198648683143986e-13
-1.1731463636616372e-13
-1.1073083964104438e-13
-9.968767056494985e-14
-8.394328689378427e-14
-6.347571394902316e-14
-3.850807097835955e-14
-9.518818630300447e-15
2.2765601464588732e-14
5.739606441519855e-14
9.32419085024599e-14
1.2904384113835977e-13
1.6347335843612037e-13
1.9519332843414505e-13
2.229152778783534e-13
2.454505010148196e-13
2.6175391060152377e-13
2.709610782019812e-13
2.724197665794896e-13
2.65717252672765e-13
2.507039412760883e-13
2.275124762575591e-13
1.9657021444822346e-13
1.5860200563114387e-13
1.146200794118019e-13
6.58986246395711e-14
1.393225361118432e-14
-3.9620363197825726e-14
-9.300430150228867e-14
-1.4444261146408152e-13
-1.9221118532083594e-13
-2.3470872768766686e-13
-2.705174630162134e-13
-2.984519878086251e-13
-3.1759558977758755e-13
-3.2732493809158705e-13

