2.3461446294304274e-11
2.3403567347009032e-11
2.3287962013503537e-11
2.3114938251373308e-11
2.288496436163207e-11
2.259867475432142e-11
2.2256874947726468e-11
2.1860544263119797e-11
2.141083505297146e-11
2.0909067925238644e-11
2.0356723166344027e-11
1.975542926321194e-11
1.9106949932275172e-11
1.841317127385509e-11
1.7676090540769286e-11
1.6897807570086834e-11
1.6080519272262324e-11
1.522651684314254e-11
1.4338184717066398e-11
1.3417999850450944e-11
1.2468529804323813e-11
1.1492428304455368e-11
1.0492427451716273e-11
9.471326425942887e-12
8.431977230406254e-12
7.377268612010271e-12
6.310109641821374e-12
5.233414480750697e-12
4.150089581704894e-12
3.0630240542285246e-12
1.9750832547105666e-12
8.891050060881162e-13
-1.9210266603365046e-13
-1.2657636627623515e-12
-2.3291371575126303e-12
-3.3795231894978693e-12
-4.414271002477087e-12
-5.430789992809952e-12
-6.4265625332302075e-12
-7.399157501026914e-12
-8.346243149426392e-12
-9.265598052873122e-12
-1.0155119204832112e-11
-1.1012826872075674e-11
-1.1836866398712527e-11
-1.2625507682824744e-11
-1.3377143410931331e-11
-1.4090287261090493e-11
-1.4763573156209052e-11
-1.539575630047173e-11
-1.5985716243500143e-11
-1.6532461694776173e-11
-1.7035136364019734e-11
-1.7493024820893568e-11
-1.7905557301412146e-11
-1.8272312543817388e-11
-1.859301807266772e-11
-1.8867547790336584e-11
-1.9095917185897665e-11
-1.9278276840711775e-11
-1.9414905127331025e-11
-1.9506201027737583e-11
-1.9552677842820566e-11
-1.9554958268939092e-11
-1.9513770947456623e-11
-1.942994822824405e-11
-1.930442460134898e-11
-1.9138235094780788e-11
-1.893251293319508e-11
-1.8688485892286557e-11
-1.8407471028910953e-11
-1.809086776119665e-11
-1.774014955465988e-11
-1.7356854685703168e-11
-1.694257666684324e-11
-1.6498954916066554e-11
-1.6027666147160134e-11
-1.553041677910612e-11
-1.5008936452046917e-11
-1.4464972537734836e-11
-1.3900285379336397e-11
-1.3316643911089106e-11
-1.2715821298784648e-11
-1.2099590298684634e-11
-1.1469718135772415e-11
-1.0827960827552601e-11
-1.017605700285212e-11
-9.515721367253828e-12
-8.848638036450586e-12
-8.176453992248805e-12
-7.500772915642356e-12
-6.8231496234162935e-12
-6.145085286226005e-12
-5.46802354344371e-12
-4.793347558390282e-12
-4.122377981306176e-12
-3.4563717116151e-12
-2.7965212824676818e-12
-2.1439546381776175e-12
-1.4997350491697887e-12
-8.648609187985015e-13
-2.402652873786739e-13
3.731850701646843e-13
9.746909352487982e-13
1.5635221739971809e-12
2.1390192309079734e-12
2.700594233596359e-12
3.247731333374646e-12
3.779985959097353e-12
4.296982786454003e-12
4.798412404413509e-12
5.2840268635988e-12
5.753634478231067e-12
6.207094383527251e-12
6.644311391922138e-12
7.0652316282407425e-12
7.469839261139348e-12
7.85815441272447e-12
8.230232064825566e-12
8.586161542695816e-12
8.92606599679312e-12
9.250101259288496e-12
9.558453540040304e-12
9.8513356355894e-12
1.0128981616464773e-11
1.0391640275227932e-11
1.063956789445007e-11
1.0873021069936114e-11
1.109225035843481e-11
1.1297495397748422e-11
1.1488981889979945e-11
1.1666920494614992e-11
1.1831507316411677e-11
1.198292536895496e-11
1.2121346213753842e-11
1.2246930958385088e-11
1.2359829953261368e-11
1.2460180826724221e-11
1.2548104882737154e-11
1.262370227558947e-11
1.2687046689788064e-11
1.273818042306836e-11
1.2777110757485654e-11
1.2803808306809928e-11
1.2818207685543827e-11
1.2820210424728893e-11
1.2809689648543659e-11
1.2786495709127402e-11
1.275046182203372e-11
1.2701408785153615e-11
1.263914809327989e-11
1.2563483132557637e-11
1.2474208577489051e-11
1.237110852707267e-11
1.2253954219652336e-11
1.2122502294345877e-11
1.1976494492798775e-11
1.1815659432803452e-11
1.1639716688590518e-11
1.1448382963021847e-11
1.1241379727339269e-11
1.1018441419188746e-11
1.0779323188163565e-11
1.0523807280824155e-11
1.0251707442460286e-11
9.962871121407961e-12
9.657179708827997e-12
9.334547440165086e-12
8.994919843231027e-12
8.63827268942561e-12
8.264612275431144e-12
7.873977560730796e-12
7.466444274937945e-12
7.0421306737149155e-12
6.601204252783289e-12
6.1438885016539564e-12
5.670468737926751e-12
5.1812962161136936e-12
4.676790018809355e-12
4.157436646843312e-12
3.623787644225001e-12
3.0764559374555165e-12
2.5161117678319255e-12
1.94347911091529e-12
1.3593333086458207e-12
7.645003237346233e-13
1.5985762964471027e-13
-4.5366364493858633e-13
-1.0750760098661439e-12
-1.7033332041078106e-12
-2.337328929583575e-12
-2.9758973888901404e-12
-3.6178159680674547e-12
-4.261810018931185e-12
-4.906559321238807e-12
-5.55070551898819e-12
-6.1928596844401015e-12
-6.831609194722449e-12
-7.465523300452883e-12
-8.093157081973314e-12
-8.713053860516695e-12
-9.32374648241645e-12
-9.923758152899823e-12
-1.051160361019595e-11
-1.1085791378599199e-11
-1.1644827632680429e-11
-1.2187221887227051e-11
-1.2711494364071369e-11
-1.3216184551938517e-11
-1.3699860236691627e-11
-1.4161126184862007e-11
-1.4598631731593015e-11
-1.501107674054125e-11
-1.5397215723383687e-11
-1.5755860265056334e-11
-1.608588022483417e-11
-1.638620440710759e-11
-1.6655821473870675e-11
-1.6893781787659184e-11
-1.709920064578952e-11
-1.7271263040406116e-11
-1.7409229720251083e-11
-1.751244401218928e-11
-1.7580338648394416e-11
-1.7612441782686414e-11
-1.7608381480713445e-11
-1.7567888214341075e-11
-1.749079523220396e-11
-1.7377037047472782e-11
-1.7226646605904336e-11
-1.7039751906382974e-11
-1.6816572898849733e-11
-1.65574193684626e-11
-1.6262690251857144e-11
-1.593287447348632e-11
-1.5568553009189704e-11
-1.5170401558071178e-11
-1.4739193000123672e-11
-1.4275798779604774e-11
-1.3781188493510997e-11
-1.3256427255319365e-11
-1.2702670789786004e-11
-1.2121158618015138e-11
-1.1513206031221263e-11
-1.0880195756233149e-11
-1.0223570241716814e-11
-9.544825332945682e-12
-8.845505784528508e-12
-8.127202647378221e-12
-7.391552141590917e-12
-6.6402352779165565e-12
-5.874977290448359e-12
-5.0975459361037105e-12
-4.309747907668805e-12
-3.5134229611663735e-12
-2.710435805386557e-12
-1.902666251372714e-12
-1.091998479857656e-12
-2.8031047920775616e-13
5.305353078751412e-13
1.3386993147663642e-12
2.142369735941171e-12
2.9397650255055985e-12
3.7291345416650164e-12
4.5087582373722895e-12
5.276946481808381e-12
6.032041057200026e-12
6.772418115423509e-12
7.49649344911192e-12
8.202729918857387e-12
8.889646386535567e-12
9.555827137052309e-12
1.0199930605137974e-11
1.0820696297785894e-11
1.1416949105053858e-11
1.1987600663216764e-11
1.2531647979775028e-11
1.3048170037917348e-11
1.3536323463257663e-11
1.3995338480809593e-11
1.4424516282641613e-11
1.482322858593467e-11
1.51909196552929e-11
1.552711049528731e-11
1.5831404406505835e-11
1.610349274787285e-11
1.6343159634163154e-11
1.6550284446637725e-11
1.672484141843544e-11
1.6866896097716985e-11
1.6976599080123186e-11
1.7054177916724878e-11
1.7099928437487982e-11
1.7114206813198883e-11
1.7097423492096386e-11
1.7050039728149905e-11
1.6972566851387234e-11
1.6865567833219964e-11
1.6729660194634397e-11
1.6565518997162382e-11
1.6373878610138437e-11
1.61555321734909e-11
1.5911328127614576e-11
1.5642163768218272e-11
1.5348976384045875e-11
1.50327330255881e-11
1.469442023234516e-11
1.4335035057203088e-11
1.3955578466615531e-11
1.3557051717819372e-11
1.3140455717232173e-11
1.2706792769891946e-11
1.2257069659927634e-11
1.1792300752380693e-11
1.1313509827615654e-11
1.0821729645793389e-11
1.0317998730887649e-11
9.803355460073258e-12
9.278830122752715e-12
8.745436056045843e-12
8.20416118070866e-12
7.655961210143896e-12
7.101755497385985e-12
6.542425984748345e-12
5.97881913090135e-12
5.411750130540826e-12
4.842008325333936e-12
4.2703625141980465e-12
3.697564942349804e-12
3.1243530646928185e-12
2.551448673470533e-12
1.9795545509432038e-12
1.4093493391896552e-12
8.414817044399575e-13
2.7656503684416706e-13
-2.8482616186812263e-13
-8.421573698888149e-13
-1.3949322666401346e-12
-1.942688283340205e-12
-2.4849901858369453e-12
-3.0214227513294855e-12
-3.55158374509582e-12
-4.075078308374378e-12
-4.591515556923711e-12
-5.1005077270131326e-12
-5.601671686117782e-12
-6.094632153410682e-12
-6.579025643018216e-12
-7.05450401422001e-12
-7.520736609208658e-12
-7.977410257563822e-12
-8.424226864666364e-12
-8.860898789905207e-12
-9.287142662484939e-12
-9.702672591722914e-12
-1.0107193846513804e-11
-1.0500397985434158e-11
-1.0881960136840806e-11
-1.1251538716013618e-11
-1.1608777406988209e-11
-1.1953308820968898e-11
-1.2284758951558039e-11
-1.2602751434172531e-11
-1.290691070165073e-11
-1.319686338995437e-11
-1.3472237732564951e-11
-1.3732661112151062e-11
-1.3977756328353269e-11
-1.4207137415253755e-11
-1.4420405949246227e-11
-1.461714870906141e-11
-1.4796937302721756e-11
-1.4959330011780445e-11
-1.5103875694146155e-11
-1.5230119213604804e-11
-1.533760759929084e-11
-1.5425896032198533e-11
-1.5494552827114112e-11
-1.5543162810902585e-11
-1.5571328844279943e-11
-1.557867162462549e-11
-1.5564828264556724e-11
-1.5529450394616207e-11
-1.547220263915176e-11
-1.539276224342265e-11
-1.5290820402314062e-11
-1.5166085502840583e-11
-1.5018288111627937e-11
-1.4847187190772507e-11
-1.4652576780057926e-11
-1.4434292289081272e-11
-1.4192215617847478e-11
-1.392627855339443e-11
-1.3636464226770727e-11
-1.332280679134919e-11
-1.2985389824110996e-11
-1.2624344187434307e-11
-1.2239846172349835e-11
-1.1832116658195791e-11
-1.1401421785432686e-11
-1.0948075296335626e-11
-1.0472442321979732e-11
-9.974944060278372e-12
-9.456062567394916e-12
-8.916344819823395e-12
-8.35640531100365e-12
-7.776926703556425e-12
-7.1786584140346595e-12
-6.562413388783596e-12
-5.92906365855971e-12
-5.279535467778467e-12
-4.614804817976197e-12
-3.935894134397596e-12
-3.2438704857994854e-12
-2.53984541783788e-12
-1.824976076396978e-12
-1.1004669791148571e-12
-3.6757160826280517e-13
3.7240701412370013e-13
1.118117443340625e-12
1.8681629872873226e-12
2.621106916790063e-12
3.3754792990338127e-12
4.129784734961135e-12
4.882510120838973e-12
5.632131574698434e-12
6.377119866859794e-12
7.1159440296400656e-12
7.847073224788405e-12
8.568977333665256e-12
9.28012702312787e-12
9.97899416815751e-12
1.0664053452414371e-11
1.1333785731516656e-11
1.1986683379591467e-11
1.262125742349037e-11
1.323604588832502e-11
1.3829622513024698e-11
1.4400604901814151e-11
1.4947661277231386e-11
1.54695152724517e-11
1.5964948588746178e-11
1.643280176676754e-11
1.6871973689290222e-11
1.7281420670429595e-11
1.7660156042081395e-11
1.800725101035627e-11
1.832183725184498e-11
1.8603111315070638e-11
1.885034047133438e-11
1.9062869309741802e-11
1.9240126166933582e-11
1.9381628465887558e-11
1.9486986213653176e-11
1.95559032384459e-11
1.9588176163205847e-11
1.958369152870507e-11
1.954242180811693e-11
1.9464421228612594e-11
1.9349822298564157e-11
1.9198833735653828e-11
1.9011740144669818e-11
1.8788903376593988e-11
1.853076509960915e-11
1.823784981086221e-11
1.791076737718406e-11
1.75502142417609e-11
1.7156972660985444e-11
1.673190769376836e-11
1.6275962080330207e-11
1.5790149533810584e-11
1.5275547247389707e-11
1.4733288536077947e-11
1.4164556463723445e-11
1.3570579067806759e-11
1.2952626437144082e-11
1.2312009494216472e-11
1.165007996640812e-11
1.0968230772620131e-11
1.0267895954207314e-11
9.550549359804464e-12
8.817701534347694e-12
8.07089461371609e-12
7.311695416919635e-12
6.5416872798202914e-12
5.762461418882602e-12
4.9756087034846244e-12
4.182712634976607e-12
3.3853440976373708e-12
2.585058108149707e-12
1.7833924132152844e-12
9.818674429397922e-13
1.819868862917553e-13
-6.147619403952608e-13
-1.4069086935498503e-12
-2.1930021173962986e-12
-2.9716138994009968e-12
-3.741344127674314e-12
-4.50082787435838e-12
-5.2487421819034835e-12
-5.983812618716432e-12
-6.704818617237055e-12
-7.410597001837576e-12
-8.100043419289436e-12
-8.772111743644408e-12
-9.42581187316204e-12
-1.0060206604884946e-11
-1.0674408412534874e-11
-1.1267576939088732e-11
-1.1838917848683599e-11
-1.238768339360358e-11
-1.2913174694063932e-11
-1.3414745367674e-11
-1.3891805849423454e-11
-1.4343827568227973e-11
-1.4770346127201945e-11
-1.5170962778105632e-11
-1.554534376185672e-11
-1.5893217456258113e-11
-1.6214369661226794e-11
-1.6508637687574906e-11
-1.6775904132855388e-11
-1.7016091282787188e-11
-1.722915695492492e-11
-1.741509232151557e-11
-1.7573921860680696e-11
-1.7705705161198536e-11
-1.781053992735186e-11
-1.788856527136107e-11
-1.793996429559899e-11
-1.7964965076577094e-11
-1.7963839451517805e-11
-1.7936899424392867e-11
-1.7884491473093755e-11
-1.7806989462322807e-11
-1.770478716277042e-11
-1.757829148378267e-11
-1.74279174175358e-11
-1.725408538365776e-11
-1.7057221210801e-11
-1.6837758482872697e-11
-1.659614251330319e-11
-1.63328348854982e-11
-1.6048317380456184e-11
-1.5743094231978154e-11
-1.5417691987042454e-11
-1.5072656739993005e-11
-1.4708549057389787e-11
-1.4325937404941187e-11
-1.3925391226564247e-11
-1.350747493578316e-11
-1.3072743934306586e-11
-1.2621743396749806e-11
-1.2155010027167775e-11
-1.1673076409327947e-11
-1.1176477057826545e-11
-1.0665754938373662e-11
-1.0141467135232217e-11
-9.604188523819513e-12
-9.054512722955265e-12
-8.49305017056695e-12
-7.920423772349232e-12
-7.337263089410299e-12
-6.744198350007244e-12
-6.141855623841429e-12
-5.530854271709508e-12
-4.911807323479298e-12
-4.285324837680843e-12
-3.652019680751557e-12
-3.0125146615356164e-12
-2.367449672472061e-12
-1.7174874832158405e-12
-1.0633171072127012e-12
-4.0565416008363986e-13
2.5476175345999024e-13
9.171719793894934e-13
1.5808049651884825e-12
2.244882271014832e-12
2.9086231400113122e-12
3.571246649621088e-12
4.231970993596255e-12
4.890010065338806e-12
5.544568096390369e-12
6.1948335269046385e-12
6.839973459772578e-12
7.479129941503257e-12
8.111418945720848e-12
8.735932388257704e-12
9.35174289255928e-12
9.957910479031094e-12
1.055348998566002e-11
1.1137537914506252e-11
1.1709117560065525e-11
1.226730167368049e-11
1.281117246645372e-11
1.3339819334402726e-11
1.3852335181551895e-11
1.4347812517522989e-11
1.4825340555918654e-11
1.5284004332002767e-11
1.5722886440553923e-11
1.614107145805748e-11
1.653765257154909e-11
1.6911739502207085e-11
1.7262466573216353e-11
1.7588999773857198e-11
1.7890541909411647e-11
1.816633534479982e-11
1.8415662358148493e-11
1.8637843611651032e-11
1.8832235620296252e-11
1.8998228280500142e-11
1.913524347807122e-11
1.924273554292153e-11
1.9320193913659844e-11
1.9367147905294087e-11
1.9383173035097068e-11
1.9367898043163003e-11
1.9321011606170444e-11
1.924226780778853e-11
1.9131489677871442e-11
1.8988570489721783e-11
1.881347293118071e-11
1.860622665500202e-11
1.8366924991109543e-11
1.809572171703927e-11
1.7792828716145427e-11
1.7458515124818794e-11
1.7093108229525992e-11
1.669699599126865e-11
1.627063072417417e-11
1.581453320266603e-11
1.5329296363413325e-11
1.481558782082315e-11
1.4274150614452562e-11
1.3705801912714855e-11
1.311142975048846e-11
1.249198821239192e-11
1.1848491727207678e-11
1.1182009266650455e-11
1.0493659221241006e-11
9.784605562255311e-12
9.056055622016283e-12
8.309259485785779e-12
7.54551064906915e-12
6.766147316668323e-12
5.972553556396989e-12
5.166159503444964e-12
4.348439947630825e-12
3.5209109041636272e-12
2.685124123051377e-12
1.8426598692867258e-12
9.951186348396495e-13
1.441126595041636e-13
-7.087418058362505e-13
-1.5618306814986962e-12
-2.413546159604582e-12
-3.2622885962848756e-12
-4.106466511925979e-12
-4.944495415567847e-12
-5.774796442924329e-12
-6.595795881851658e-12
-7.40592652606865e-12
-8.203631461759989e-12
-8.987370409338097e-12
-9.755628205115754e-12
-1.0506924523455651e-11
-1.1239823613613394e-11
-1.1952942735155356e-11
-1.2644958154948815e-11
-1.3314607995782207e-11
-1.396069182604439e-11
-1.4582067534371992e-11
-1.5177646606421414e-11
-1.5746389285621695e-11
-1.6287301165719654e-11
-1.6799432499011983e-11
-1.7281880948750792e-11
-1.7733797771129782e-11
-1.8154396632090606e-11
-1.8542963614137305e-11
-1.8898866596634065e-11
-1.9221562195356876e-11
-1.951059884250839e-11
-1.9765615311184838e-11
-1.998633489747898e-11
-2.0172556379988487e-11
-2.0324143582478878e-11
-2.0441015707010705e-11
-2.0523140490252178e-11
-2.0570531669088312e-11
-2.058325132673673e-11
-2.0561416612565605e-11
-2.0505209317079873e-11
-2.0414886063112223e-11
-2.0290786615658975e-11
-2.0133338092046833e-11
-1.994305363173412e-11
-1.9720525210021972e-11
-1.946641151852172e-11
-1.918142291942055e-11
-1.886630616620725e-11
-1.8521831705219592e-11
-1.8148785883322427e-11
-1.7747969373641487e-11
-1.732020179891341e-11
-1.6866331163575545e-11
-1.6387245601583932e-11
-1.5883884358859827e-11
-1.5357245002861614e-11
-1.480838459080849e-11
-1.4238413789123345e-11
-1.3648484456424993e-11
-1.3039772652656884e-11
-1.2413460095537174e-11
-1.177071750816379e-11
-1.1112692978375626e-11
-1.0440507433865077e-11
-9.75525783465813e-12
-9.0580270169242e-12
-8.349897654079407e-12
-7.631966862017558e-12
-6.90535778439072e-12
-6.171225109226395e-12
-5.4307527700091024e-12
-4.685143797774554e-12
-3.9356040437275074e-12
-3.183322896178814e-12
-2.4294548530519494e-12
-1.6751057061580594e-12
-9.213261546170218e-13
-1.691140868512903e-13
5.805751060742037e-13
1.3268125856631085e-12
2.068678144427046e-12
2.8052444224220617e-12
3.5355669287491875e-12
4.258682266322016e-12
4.973615141366204e-12
5.67939277265004e-12
6.375063636776741e-12
7.059716473617916e-12
7.732495364184181e-12
8.39260751695039e-12
9.039321983513749e-12
9.671959523317859e-12
1.0289875806107068e-11
1.0892441637865406e-11
1.1479024580841506e-11
1.2048976049759557e-11
1.2601626760861309e-11
1.3136291551443113e-11
1.3652282488098167e-11
1.4148927312867994e-11
1.4625589060864397e-11
1.5081682399557025e-11
1.5516682959375328e-11
1.5930127491948866e-11
1.6321604757792583e-11
1.6690739145643273e-11
1.7037170685813085e-11
1.736053596111591e-11
1.766045424549358e-11
1.7936522045656486e-11
1.8188317341101188e-11
1.8415412635370648e-11
1.861739394039931e-11
1.879388146974891e-11
1.89445474249894e-11
1.9069126916428788e-11
1.9167419620560376e-11
1.9239281890740872e-11
1.9284611225394053e-11
1.930332676056977e-11
1.9284611225394053e-11
1.9239281890740872e-11
1.9167419620560376e-11
1.9069126916428788e-11
1.89445474249894e-11
1.879388146974891e-11
1.861739394039931e-11
1.8415412635370648e-11
1.8188317341101188e-11
1.7936522045656486e-11
1.766045424549358e-11
1.736053596111591e-11
1.7037170685813085e-11
1.6690739145643273e-11
1.6321604757792583e-11
1.5930127491948866e-11
1.5516682959375328e-11
1.5081682399557025e-11
1.4625589060864397e-11
1.4148927312867994e-11
1.3652282488098167e-11
1.3136291551443113e-11
1.2601626760861309e-11
1.2048976049759557e-11
1.1479024580841506e-11
1.0892441637865406e-11
1.0289875806107068e-11
9.671959523317859e-12
9.039321983513749e-12
8.39260751695039e-12
7.732495364184181e-12
7.059716473617916e-12
6.375063636776741e-12
5.67939277265004e-12
4.973615141366204e-12
4.258682266322016e-12
3.5355669287491875e-12
2.8052444224220617e-12
2.068678144427046e-12
1.3268125856631085e-12
5.805751060742037e-13
-1.691140868512903e-13
-9.213261546170218e-13
-1.6751057061580594e-12
-2.4294548530519494e-12
-3.183322896178814e-12
-3.9356040437275074e-12
-4.685143797774554e-12
-5.4307527700091024e-12
-6.171225109226395e-12
-6.90535778439072e-12
-7.631966862017558e-12
-8.349897654079407e-12
-9.0580270169242e-12
-9.75525783465813e-12
-1.0440507433865077e-11
-1.1112692978375626e-11
-1.177071750816379e-11
-1.2413460095537174e-11
-1.3039772652656884e-11
-1.3648484456424993e-11
-1.4238413789123345e-11
-1.480838459080849e-11
-1.5357245002861614e-11
-1.5883884358859827e-11
-1.6387245601583932e-11
-1.6866331163575545e-11
-1.732020179891341e-11
-1.7747969373641487e-11
-1.8148785883322427e-11
-1.8521831705219592e-11
-1.886630616620725e-11
-1.918142291942055e-11
-1.946641151852172e-11
-1.9720525210021972e-11
-1.994305363173412e-11
-2.0133338092046833e-11
-2.0290786615658975e-11
-2.0414886063112223e-11
-2.0505209317079873e-11
-2.0561416612565605e-11
-2.058325132673673e-11
-2.0570531669088312e-11
-2.0523140490252178e-11
-2.0441015707010705e-11
-2.0324143582478878e-11
-2.0172556379988487e-11
-1.998633489747898e-11
-1.9765615311184838e-11
-1.951059884250839e-11
-1.9221562195356876e-11
-1.8898866596634065e-11
-1.8542963614137305e-11
-1.8154396632090606e-11
-1.7733797771129782e-11
-1.7281880948750792e-11
-1.6799432499011983e-11
-1.6287301165719654e-11
-1.5746389285621695e-11
-1.5177646606421414e-11
-1.4582067534371992e-11
-1.396069182604439e-11
-1.3314607995782207e-11
-1.2644958154948815e-11
-1.1952942735155356e-11
-1.1239823613613394e-11
-1.0506924523455651e-11
-9.755628205115754e-12
-8.987370409338097e-12
-8.203631461759989e-12
-7.40592652606865e-12
-6.595795881851658e-12
-5.774796442924329e-12
-4.944495415567847e-12
-4.106466511925979e-12
-3.2622885962848756e-12
-2.413546159604582e-12
-1.5618306814986962e-12
-7.087418058362505e-13
1.441126595041636e-13
9.951186348396495e-13
1.8426598692867258e-12
2.685124123051377e-12
3.5209109041636272e-12
4.348439947630825e-12
5.166159503444964e-12
5.972553556396989e-12
6.766147316668323e-12
7.54551064906915e-12
8.309259485785779e-12
9.056055622016283e-12
9.784605562255311e-12
1.0493659221241006e-11
1.1182009266650455e-11
1.1848491727207678e-11
1.249198821239192e-11
1.311142975048846e-11
1.3705801912714855e-11
1.4274150614452562e-11
1.481558782082315e-11
1.5329296363413325e-11
1.581453320266603e-11
1.627063072417417e-11
1.669699599126865e-11
1.7093108229525992e-11
1.7458515124818794e-11
1.7792828716145427e-11
1.809572171703927e-11
1.8366924991109543e-11
1.860622665500202e-11
1.881347293118071e-11
1.8988570489721783e-11
1.9131489677871442e-11
1.924226780778853e-11
1.9321011606170444e-11
1.9367898043163003e-11
1.9383173035097068e-11
1.9367147905294087e-11
1.9320193913659844e-11
1.924273554292153e-11
1.913524347807122e-11
1.8998228280500142e-11
1.8832235620296252e-11
1.8637843611651032e-11
1.8415662358148493e-11
1.816633534479982e-11
1.7890541909411647e-11
1.7588999773857198e-11
1.7262466573216353e-11
1.6911739502207085e-11
1.653765257154909e-11
1.614107145805748e-11
1.5722886440553923e-11
1.5284004332002767e-11
1.4825340555918654e-11
1.4347812517522989e-11
1.3852335181551895e-11
1.3339819334402726e-11
1.281117246645372e-11
1.226730167368049e-11
1.1709117560065525e-11
1.1137537914506252e-11
1.055348998566002e-11
9.957910479031094e-12
9.35174289255928e-12
8.735932388257704e-12
8.111418945720848e-12
7.479129941503257e-12
6.839973459772578e-12
6.1948335269046385e-12
5.544568096390369e-12
4.890010065338806e-12
4.231970993596255e-12
3.571246649621088e-12
2.9086231400113122e-12
2.244882271014832e-12
1.5808049651884825e-12
9.171719793894934e-13
2.5476175345999024e-13
-4.0565416008363986e-13
-1.0633171072127012e-12
-1.7174874832158405e-12
-2.367449672472061e-12
-3.0125146615356164e-12
-3.652019680751557e-12
-4.285324837680843e-12
-4.911807323479298e-12
-5.530854271709508e-12
-6.141855623841429e-12
-6.744198350007244e-12
-7.337263089410299e-12
-7.920423772349232e-12
-8.49305017056695e-12
-9.054512722955265e-12
-9.604188523819513e-12
-1.0141467135232217e-11
-1.0665754938373662e-11
-1.1176477057826545e-11
-1.1673076409327947e-11
-1.2155010027167775e-11
-1.2621743396749806e-11
-1.3072743934306586e-11
-1.350747493578316e-11
-1.3925391226564247e-11
-1.4325937404941187e-11
-1.4708549057389787e-11
-1.5072656739993005e-11
-1.5417691987042454e-11
-1.5743094231978154e-11
-1.6048317380456184e-11
-1.63328348854982e-11
-1.659614251330319e-11
-1.6837758482872697e-11
-1.7057221210801e-11
-1.725408538365776e-11
-1.74279174175358e-11
-1.757829148378267e-11
-1.770478716277042e-11
-1.7806989462322807e-11
-1.7884491473093755e-11
-1.7936899424392867e-11
-1.7963839451517805e-11
-1.7964965076577094e-11
-1.793996429559899e-11
-1.788856527136107e-11
-1.781053992735186e-11
-1.7705705161198536e-11
-1.7573921860680696e-11
-1.741509232151557e-11
-1.722915695492492e-11
-1.7016091282787188e-11
-1.6775904132855388e-11
-1.6508637687574906e-11
-1.6214369661226794e-11
-1.5893217456258113e-11
-1.554534376185672e-11
-1.5170962778105632e-11
-1.4770346127201945e-11
-1.4343827568227973e-11
-1.3891805849423454e-11
-1.3414745367674e-11
-1.2913174694063932e-11
-1.238768339360358e-11
-1.1838917848683599e-11
-1.1267576939088732e-11
-1.0674408412534874e-11
-1.0060206604884946e-11
-9.42581187316204e-12
-8.772111743644408e-12
-8.100043419289436e-12
-7.410597001837576e-12
-6.704818617237055e-12
-5.983812618716432e-12
-5.2487421819034835e-12
-4.50082787435838e-12
-3.741344127674314e-12
-2.9716138994009968e-12
-2.1930021173962986e-12
-1.4069086935498503e-12
-6.147619403952608e-13
1.819868862917553e-13
9.818674429397922e-13
1.7833924132152844e-12
2.585058108149707e-12
3.3853440976373708e-12
4.182712634976607e-12
4.9756087034846244e-12
5.762461418882602e-12
6.5416872798202914e-12
7.311695416919635e-12
8.07089461371609e-12
8.817701534347694e-12
9.550549359804464e-12
1.0267895954207314e-11
1.0968230772620131e-11
1.165007996640812e-11
1.2312009494216472e-11
1.2952626437144082e-11
1.3570579067806759e-11
1.4164556463723445e-11
1.4733288536077947e-11
1.5275547247389707e-11
1.5790149533810584e-11
1.6275962080330207e-11
1.673190769376836e-11
1.7156972660985444e-11
1.75502142417609e-11
1.791076737718406e-11
1.823784981086221e-11
1.853076509960915e-11
1.8788903376593988e-11
1.9011740144669818e-11
1.9198833735653828e-11
1.9349822298564157e-11
1.9464421228612594e-11
1.954242180811693e-11
1.958369152870507e-11
1.9588176163205847e-11
1.95559032384459e-11
1.9486986213653176e-11
1.9381628465887558e-11
1.9240126166933582e-11
1.9062869309741802e-11
1.885034047133438e-11
1.8603111315070638e-11
1.832183725184498e-11
1.800725101035627e-11
1.7660156042081395e-11
1.7281420670429595e-11
1.6871973689290222e-11
1.643280176676754e-11
1.5964948588746178e-11
1.54695152724517e-11
1.4947661277231386e-11
1.4400604901814151e-11
1.3829622513024698e-11
1.323604588832502e-11
1.262125742349037e-11
1.1986683379591467e-11
1.1333785731516656e-11
1.0664053452414371e-11
9.97899416815751e-12
9.28012702312787e-12
8.568977333665256e-12
7.847073224788405e-12
7.1159440296400656e-12
6.377119866859794e-12
5.632131574698434e-12
4.882510120838973e-12
4.129784734961135e-12
3.3754792990338127e-12
2.621106916790063e-12
1.8681629872873226e-12
1.118117443340625e-12
3.7240701412370013e-13
-3.6757160826280517e-13
-1.1004669791148571e-12
-1.824976076396978e-12
-2.53984541783788e-12
-3.2438704857994854e-12
-3.935894134397596e-12
-4.614804817976197e-12
-5.279535467778467e-12
-5.92906365855971e-12
-6.562413388783596e-12
-7.1786584140346595e-12
-7.776926703556425e-12
-8.35640531100365e-12
-8.916344819823395e-12
-9.456062567394916e-12
-9.974944060278372e-12
-1.0472442321979732e-11
-1.0948075296335626e-11
-1.1401421785432686e-11
-1.1832116658195791e-11
-1.2239846172349835e-11
-1.2624344187434307e-11
-1.2985389824110996e-11
-1.332280679134919e-11
-1.3636464226770727e-11
-1.392627855339443e-11
-1.4192215617847478e-11
-1.4434292289081272e-11
-1.4652576780057926e-11
-1.4847187190772507e-11
-1.5018288111627937e-11
-1.5166085502840583e-11
-1.5290820402314062e-11
-1.539276224342265e-11
-1.547220263915176e-11
-1.5529450394616207e-11
-1.5564828264556724e-11
-1.557867162462549e-11
-1.5571328844279943e-11
-1.5543162810902585e-11
-1.5494552827114112e-11
-1.5425896032198533e-11
-1.533760759929084e-11
-1.5230119213604804e-11
-1.5103875694146155e-11
-1.4959330011780445e-11
-1.4796937302721756e-11
-1.461714870906141e-11
-1.4420405949246227e-11
-1.4207137415253755e-11
-1.3977756328353269e-11
-1.3732661112151062e-11
-1.3472237732564951e-11
-1.319686338995437e-11
-1.290691070165073e-11
-1.2602751434172531e-11
-1.2284758951558039e-11
-1.1953308820968898e-11
-1.1608777406988209e-11
-1.1251538716013618e-11
-1.0881960136840806e-11
-1.0500397985434158e-11
-1.0107193846513804e-11
-9.702672591722914e-12
-9.287142662484939e-12
-8.860898789905207e-12
-8.424226864666364e-12
-7.977410257563822e-12
-7.520736609208658e-12
-7.05450401422001e-12
-6.579025643018216e-12
-6.094632153410682e-12
-5.601671686117782e-12
-5.1005077270131326e-12
-4.591515556923711e-12
-4.075078308374378e-12
-3.55158374509582e-12
-3.0214227513294855e-12
-2.4849901858369453e-12
-1.942688283340205e-12
-1.3949322666401346e-12
-8.421573698888149e-13
-2.8482616186812263e-13
2.7656503684416706e-13
8.414817044399575e-13
1.4093493391896552e-12
1.9795545509432038e-12
2.551448673470533e-12
3.1243530646928185e-12
3.697564942349804e-12
4.2703625141980465e-12
4.842008325333936e-12
5.411750130540826e-12
5.97881913090135e-12
6.542425984748345e-12
7.101755497385985e-12
7.655961210143896e-12
8.20416118070866e-12
8.745436056045843e-12
9.278830122752715e-12
9.803355460073258e-12
1.0317998730887649e-11
1.0821729645793389e-11
1.1313509827615654e-11
1.1792300752380693e-11
1.2257069659927634e-11
1.2706792769891946e-11
1.3140455717232173e-11
1.3557051717819372e-11
1.3955578466615531e-11
1.4335035057203088e-11
1.469442023234516e-11
1.50327330255881e-11
1.5348976384045875e-11
1.5642163768218272e-11
1.5911328127614576e-11
1.61555321734909e-11
1.6373878610138437e-11
1.6565518997162382e-11
1.6729660194634397e-11
1.6865567833219964e-11
1.6972566851387234e-11
1.7050039728149905e-11
1.7097423492096386e-11
1.7114206813198883e-11
1.7099928437487982e-11
1.7054177916724878e-11
1.6976599080123186e-11
1.6866896097716985e-11
1.672484141843544e-11
1.6550284446637725e-11
1.6343159634163154e-11
1.610349274787285e-11
1.5831404406505835e-11
1.552711049528731e-11
1.51909196552929e-11
1.482322858593467e-11
1.4424516282641613e-11
1.3995338480809593e-11
1.3536323463257663e-11
1.3048170037917348e-11
1.2531647979775028e-11
1.1987600663216764e-11
1.1416949105053858e-11
1.0820696297785894e-11
1.0199930605137974e-11
9.555827137052309e-12
8.889646386535567e-12
8.202729918857387e-12
7.49649344911192e-12
6.772418115423509e-12
6.032041057200026e-12
5.276946481808381e-12
4.5087582373722895e-12
3.7291345416650164e-12
2.9397650255055985e-12
2.142369735941171e-12
1.3386993147663642e-12
5.305353078751412e-13
-2.8031047920775616e-13
-1.091998479857656e-12
-1.902666251372714e-12
-2.710435805386557e-12
-3.5134229611663735e-12
-4.309747907668805e-12
-5.0975459361037105e-12
-5.874977290448359e-12
-6.6402352779165565e-12
-7.391552141590917e-12
-8.127202647378221e-12
-8.845505784528508e-12
-9.544825332945682e-12
-1.0223570241716814e-11
-1.0880195756233149e-11
-1.1513206031221263e-11
-1.2121158618015138e-11
-1.2702670789786004e-11
-1.3256427255319365e-11
-1.3781188493510997e-11
-1.4275798779604774e-11
-1.4739193000123672e-11
-1.5170401558071178e-11
-1.5568553009189704e-11
-1.593287447348632e-11
-1.6262690251857144e-11
-1.65574193684626e-11
-1.6816572898849733e-11
-1.7039751906382974e-11
-1.7226646605904336e-11
-1.7377037047472782e-11
-1.749079523220396e-11
-1.7567888214341075e-11
-1.7608381480713445e-11
-1.7612441782686414e-11
-1.7580338648394416e-11
-1.751244401218928e-11
-1.7409229720251083e-11
-1.7271263040406116e-11
-1.709920064578952e-11
-1.6893781787659184e-11
-1.6655821473870675e-11
-1.638620440710759e-11
-1.608588022483417e-11
-1.5755860265056334e-11
-1.5397215723383687e-11
-1.501107674054125e-11
-1.4598631731593015e-11
-1.4161126184862007e-11
-1.3699860236691627e-11
-1.3216184551938517e-11
-1.2711494364071369e-11
-1.2187221887227051e-11
-1.1644827632680429e-11
-1.1085791378599199e-11
-1.051160361019595e-11
-9.923758152899823e-12
-9.32374648241645e-12
-8.713053860516695e-12
-8.093157081973314e-12
-7.465523300452883e-12
-6.831609194722449e-12
-6.1928596844401015e-12
-5.55070551898819e-12
-4.906559321238807e-12
-4.261810018931185e-12
-3.6178159680674547e-12
-2.9758973888901404e-12
-2.337328929583575e-12
-1.7033332041078106e-12
-1.0750760098661439e-12
-4.5366364493858633e-13
1.5985762964471027e-13
7.645003237346233e-13
1.3593333086458207e-12
1.94347911091529e-12
2.5161117678319255e-12
3.0764559374555165e-12
3.623787644225001e-12
4.157436646843312e-12
4.676790018809355e-12
5.1812962161136936e-12
5.670468737926751e-12
6.1438885016539564e-12
6.601204252783289e-12
7.0421306737149155e-12
7.466444274937945e-12
7.873977560730796e-12
8.264612275431144e-12
8.63827268942561e-12
8.994919843231027e-12
9.334547440165086e-12
9.657179708827997e-12
9.962871121407961e-12
1.0251707442460286e-11
1.0523807280824155e-11
1.0779323188163565e-11
1.1018441419188746e-11
1.1241379727339269e-11
1.1448382963021847e-11
1.1639716688590518e-11
1.1815659432803452e-11
1.1976494492798775e-11
1.2122502294345877e-11
1.2253954219652336e-11
1.237110852707267e-11
1.2474208577489051e-11
1.2563483132557637e-11
1.263914809327989e-11
1.2701408785153615e-11
1.275046182203372e-11
1.2786495709127402e-11
1.2809689648543659e-11
1.2820210424728893e-11
1.2818207685543827e-11
1.2803808306809928e-11
1.2777110757485654e-11
1.273818042306836e-11
1.2687046689788064e-11
1.262370227558947e-11
1.2548104882737154e-11
1.2460180826724221e-11
1.2359829953261368e-11
1.2246930958385088e-11
1.2121346213753842e-11
1.198292536895496e-11
1.1831507316411677e-11
1.1666920494614992e-11
1.1488981889979945e-11
1.1297495397748422e-11
1.109225035843481e-11
1.0873021069936114e-11
1.063956789445007e-11
1.0391640275227932e-11
1.0128981616464773e-11
9.8513356355894e-12
9.558453540040304e-12
9.250101259288496e-12
8.92606599679312e-12
8.586161542695816e-12
8.230232064825566e-12
7.85815441272447e-12
7.469839261139348e-12
7.0652316282407425e-12
6.644311391922138e-12
6.207094383527251e-12
5.753634478231067e-12
5.2840268635988e-12
4.798412404413509e-12
4.296982786454003e-12
3.779985959097353e-12
3.247731333374646e-12
2.700594233596359e-12
2.1390192309079734e-12
1.5635221739971809e-12
9.746909352487982e-13
3.731850701646843e-13
-2.402652873786739e-13
-8.648609187985015e-13
-1.4997350491697887e-12
-2.1439546381776175e-12
-2.7965212824676818e-12
-3.4563717116151e-12
-4.122377981306176e-12
-4.793347558390282e-12
-5.46802354344371e-12
-6.145085286226005e-12
-6.8231496234162935e-12
-7.500772915642356e-12
-8.176453992248805e-12
-8.848638036450586e-12
-9.515721367253828e-12
-1.017605700285212e-11
-1.0827960827552601e-11
-1.1469718135772415e-11
-1.2099590298684634e-11
-1.2715821298784648e-11
-1.3316643911089106e-11
-1.3900285379336397e-11
-1.4464972537734836e-11
-1.5008936452046917e-11
-1.553041677910612e-11
-1.6027666147160134e-11
-1.6498954916066554e-11
-1.694257666684324e-11
-1.7356854685703168e-11
-1.774014955465988e-11
-1.809086776119665e-11
-1.8407471028910953e-11
-1.8688485892286557e-11
-1.893251293319508e-11
-1.9138235094780788e-11
-1.930442460134898e-11
-1.942994822824405e-11
-1.9513770947456623e-11
-1.9554958268939092e-11
-1.9552677842820566e-11
-1.9506201027737583e-11
-1.9414905127331025e-11
-1.9278276840711775e-11
-1.9095917185897665e-11
-1.8867547790336584e-11
-1.859301807266772e-11
-1.8272312543817388e-11
-1.7905557301412146e-11
-1.7493024820893568e-11
-1.7035136364019734e-11
-1.6532461694776173e-11
-1.5985716243500143e-11
-1.539575630047173e-11
-1.4763573156209052e-11
-1.4090287261090493e-11
-1.3377143410931331e-11
-1.2625507682824744e-11
-1.1836866398712527e-11
-1.1012826872075674e-11
-1.0155119204832112e-11
-9.265598052873122e-12
-8.346243149426392e-12
-7.399157501026914e-12
-6.4265625332302075e-12
-5.430789992809952e-12
-4.414271002477087e-12
-3.3795231894978693e-12
-2.3291371575126303e-12
-1.2657636627623515e-12
-1.9210266603365046e-13
8.891050060881162e-13
1.9750832547105666e-12
3.0630240542285246e-12
4.150089581704894e-12
5.233414480750697e-12
6.310109641821374e-12
7.377268612010271e-12
8.431977230406254e-12
9.471326425942887e-12
1.0492427451716273e-11
1.1492428304455368e-11
1.2468529804323813e-11
1.3417999850450944e-11
1.4338184717066398e-11
1.522651684314254e-11
1.6080519272262324e-11
1.6897807570086834e-11
1.7676090540769286e-11
1.841317127385509e-11
1.9106949932275172e-11
1.975542926321194e-11
2.0356723166344027e-11
2.0909067925238644e-11
2.141083505297146e-11
2.1860544263119797e-11
2.2256874947726468e-11
2.259867475432142e-11
2.288496436163207e-11
2.3114938251373308e-11
2.3287962013503537e-11
2.3403567347009032e-11
2.3461446294304274e-11