-5.066398179543971e-13
-4.999220904925782e-13
-4.866231839180158e-13
-4.670069239531428e-13
-4.414476862534631e-13
-4.1040941431348195e-13
-3.744242198171689e-13
-3.3407414117134777e-13
-2.8997854787899937e-13
-2.427880309059511e-13
-1.931838123762791e-13
-1.418801784092247e-13
-8.962655497307465e-14
-3.720582015361131e-14
1.4573717582573666e-14
6.489374864803859e-14
1.1294807487265417e-13
1.579690133491798e-13
1.9925456038300853e-13
2.3619244446548747e-13
2.682777358814863e-13
2.9512196763409764e-13
3.164534506998386e-13
3.3211022673685625e-13
3.420284798982321e-13
3.4622990772997594e-13
3.448113804938309e-13
3.379392536010297e-13
3.2584918272035837e-13
3.08850597656415e-13
2.8733352988811595e-13
2.617746104802943e-13
2.327389678964933e-13
2.0087547624967592e-13
1.669041582405839e-13
1.31596209280022e-13
9.574868607328203e-14
6.015702488135195e-14
2.5588964321639832e-14
-7.236941082688734e-15
-3.7666114018377806e-14
-6.511546479645316e-14
-8.907461043423263e-14
-1.0910307045927932e-13
-1.2482638711427695e-13
-1.35934053697271e-13
-1.4218135932298042e-13
-1.4339597131670766e-13
-1.394885951799731e-13
-1.304657344401012e-13
-1.164417317563039e-13
-9.764710363432874e-14
-7.443071764930569e-14
-4.7254470447820954e-14
-1.6680542334201757e-14
1.6647301842166017e-14
5.2025845220240666e-14
8.87149904487309e-14
1.2595797179968995e-13
1.629972114703201e-13
1.9908502806135646e-13
2.3348971999750174e-13
2.6549866163971683e-13
2.9442070948843373e-13
3.195902774949735e-13
3.403749046406816e-13
3.5618714466356635e-13
3.6650040054776773e-13
3.7086719277246216e-13
3.6893755432215284e-13
3.6047496688831236e-13
3.4536754780595903e-13
3.2363298908331423e-13
2.9541684949013793e-13
2.609849537379196e-13
2.2071159975181107e-13
1.7506581073575299e-13
1.2459788775788902e-13
6.992803642775632e-14
1.1737987143876636e-14
-4.923448754402088e-14
-1.1219919206421217e-13
-1.7631693996336285e-13
-2.4070468222462106e-13
-3.0444394679100347e-13
-3.665935321012143e-13
-4.262064819183819e-13
-4.823504218713303e-13
-5.341295739094436e-13
-5.807063511375851e-13
-6.213204576403814e-13
-6.553038620820472e-13
-6.820907728693922e-13
-7.012226423809066e-13
-7.123490677344913e-13
-7.152260541746379e-13
-7.097133413616195e-13
-6.957723238266101e-13
-6.73465576417016e-13
-6.429582523710778e-13
-6.045208310063431e-13
-5.585320360111704e-13
-5.054803726745495e-13
-4.4596272624122965e-13
-3.8067882452115626e-13
-3.104210152178764e-13
-2.3605959919083725e-13
-1.5852472199992918e-13
-7.87863927787064e-14
2.165548936975154e-15
8.333981201253863e-14
1.637591220575302e-13
2.4247220680487086e-13
3.1856248996561496e-13
3.9115436011530483e-13
4.594183192101352e-13
5.22576421485151e-13
5.799091671370684e-13
6.307644744485197e-13
6.745686429432062e-13
7.108385015138055e-13
7.391933746774522e-13
7.593652285098706e-13
7.71205443042872e-13
7.746870882399024e-13
7.699022667397916e-13
7.570548805303749e-13
7.364499066899053e-13
7.084807681515087e-13
6.736165471671857e-13
6.323905750605204e-13
5.853913898975815e-13
5.332563068567042e-13
4.766670655222171e-13
4.163463850965969e-13
3.530539221497481e-13
2.8758016908002847e-13
2.2073725118408623e-13
1.5334628473204364e-13
8.6221788155871e-14
2.015440131753555e-14
-4.410631673228047e-14
-1.0586709982148861e-13
-1.6450256001137358e-13
-2.1946214735292403e-13
-2.70272345836033e-13
-3.165348568559534e-13
-3.57922235456111e-13
-3.941728160157375e-13
-4.2508670354221e-13
-4.505241250468579e-13
-4.704066429307342e-13
-4.847208146035742e-13
-4.93523058316377e-13
-4.969439546845492e-13
-4.951901106236192e-13
-4.885420719760606e-13
-4.773475179200828e-13
-4.620099353768153e-13
-4.4297393069416404e-13
-4.2070906151141223e-13
-3.956943877194457e-13
-3.684057648402254e-13
-3.39307269449245e-13
-3.088471974877518e-13
-2.774580327516391e-13
-2.4555889069853767e-13
-2.1355841561757478e-13
-1.8185607656143116e-13
-1.5084028208994996e-13
-1.208826072088151e-13
-9.232849203024772e-14
-6.548577543041118e-14
-4.0613124329536226e-14
-1.7910636146414675e-14
2.4854327490597947e-15
2.0502658230577838e-14
3.6127094535116745e-14
4.939363639013513e-14
6.037405304427132e-14
6.916509855750253e-14
7.587899360239148e-14
8.063792826632723e-14
8.357320249912665e-14
8.482844473181098e-14
8.456531037153496e-14
8.296941073036246e-14
8.025411923269146e-14
7.666037534502229e-14
7.245154912565099e-14
6.790361852110398e-14
6.32920640867606e-14
5.887772432446953e-14
5.489417465771793e-14
5.153891197499366e-14
4.8969805594131565e-14
4.730710507041719e-14
4.664005115407748e-14
4.703611370025086e-14
4.855032383354918e-14
5.1232211826177724e-14
5.512849900253907e-14
6.028077202751887e-14
6.671863508767969e-14
7.44499877358517e-14
8.34508375641717e-14
9.365724349822256e-14
1.0496154985395967e-13
1.1721411415143844e-13
1.3023047862458616e-13
1.4380268343892173e-13
1.577124667221942e-13
1.7174367038476648e-13
1.8569137453069935e-13
1.9936607074020364e-13
2.125923705449353e-13
2.2520304986355686e-13
2.370303442182151e-13
2.4789706908305224e-13
2.57610188017842e-13
2.6595887630299815e-13
2.7271806523089056e-13
2.776571531521527e-13
2.805523409725869e-13
2.8120018245907184e-13
2.794296383851667e-13
2.7511025927207874e-13
2.6815501471789835e-13
2.585175268938249e-13
2.4618475897953505e-13
2.3116725102293867e-13
2.1348954051735204e-13
1.9318332489798574e-13
1.7028523754917797e-13
1.4483997966222786e-13
1.169082433464553e-13
8.65776839958404e-14
5.397442822080176e-14
1.9272418002024602e-14
-1.7301665433985017e-14
-5.5469188120835805e-14
-9.490608762124683e-14
-1.3525389922430733e-13
-1.7613307940784057e-13
-2.1715597235784732e-13
-2.579369376289925e-13
-2.980979078649701e-13
-3.3726879644586986e-13
-3.7508345467291764e-13
-4.111729861861975e-13
-4.451589034186455e-13
-4.766486991764519e-13
-5.052358859368093e-13
-5.305055481787055e-13
-5.520451939985142e-13
-5.694594742150248e-13
-5.823864424018336e-13
-5.905126639356997e-13
-5.935847286473219e-13
-5.914155201134394e-13
-5.838847573502943e-13
-5.70934580312954e-13
-5.525620075175106e-13
-5.288107080995164e-13
-4.997645614636465e-13
-4.655449212035631e-13
-4.26312488541319e-13
-3.822734718503576e-13
-3.336885504310134e-13
-2.808823431697427e-13
-2.2425079695147845e-13
-1.6426422296706792e-13
-1.014645497096625e-13
-3.645653587151385e-14
3.010607591372754e-14
9.75374669794143e-14
1.6513715195649736e-13
2.3220534749441673e-13
2.980543497956465e-13
3.620149947395378e-13
4.2343849133768516e-13
4.816950444884586e-13
5.361714540449585e-13
5.862701143993618e-13
6.314114868117072e-13
6.710412574192023e-13
7.046422272226567e-13
7.317497780473091e-13
7.519688008598317e-13
7.649894838050755e-13
7.705994523380846e-13
7.686904129211182e-13
7.592585240983338e-13
7.423989575501157e-13
7.182962314591047e-13
6.872126413435335e-13
6.494773092841035e-13
6.054779784932063e-13
5.556567913476267e-13
5.005101159214063e-13
4.405913060571412e-13
3.765143725377699e-13
3.0895612415473013e-13
2.386545095785803e-13
1.664016177895243e-13
9.303090996613392e-14
1.9399500918877608e-14
-5.363260646740905e-14
-1.2522375839766192e-13
-1.94569682914339e-13
-2.6091813746642204e-13
-3.2357796684757644e-13
-3.8192259656486845e-13
-4.353891817271849e-13
-4.834755120221002e-13
-5.257371328139589e-13
-5.617868969111798e-13
-5.912983699803275e-13
-6.140133632638679e-13
-6.297526340278374e-13
-6.384277719931355e-13
-6.4005172529152e-13
-6.347454515178076e-13
-6.227388068928759e-13
-6.043648670960044e-13
-5.800481567072495e-13
-5.502884509938214e-13
-5.156426261195747e-13
-4.767072814327188e-13
-4.341044830133849e-13
-3.8847207102870456e-13
-3.40458750923548e-13
-2.9072294180635874e-13
-2.3993338265288423e-13
-1.8876903163728828e-13
-1.3791594903530237e-13
-8.805959486542726e-14
-3.987212370522271e-14
6.004453098535056e-15
4.897725137836876e-14
8.852098184593878e-14
1.2419316851360382e-13
1.556439411293949e-13
1.8261928060636207e-13
2.0495790462072157e-13
2.2258323360702113e-13
2.35492780110815e-13
2.4374764467048173e-13
2.474645007848521e-13
2.468115847233689e-13
2.4200898306089633e-13
2.3333222750384587e-13
2.2111717341933215e-13
2.0576360672293863e-13
1.8773512498415975e-13
1.6755355284609373e-13
1.4578731210538834e-13
1.2303449857001182e-13
9.990260459679175e-14
7.698758513020285e-14
5.485511460795745e-14
3.402638571376094e-14
1.4969775994047392e-14
-1.901601807750914e-15
-1.6227733880727593e-14
-2.769714514580865e-14
-3.604256241902794e-14
-4.1039166373605515e-14
-4.250695991038356e-14
-4.0317560625828994e-14
-3.440441813683572e-14
-2.477437918654599e-14
-1.1517936222519447e-14
5.184457125438965e-15
2.5061944822030202e-14
4.7759496700086423e-14
7.28502545925618e-14
9.985221433035098e-14
1.282466375024537e-13
1.574953619154236e-13
1.8705460415089268e-13
2.1638381739292215e-13
2.449494493779942e-13
2.7222473205842176e-13
2.9768761928701163e-13
3.2081943732082757e-13
3.41106619436246e-13
3.5804710796743144e-13
3.711618137556257e-13
3.8001020974902047e-13
3.8420801597292265e-13
3.834442746229518e-13
3.7749507430773964e-13
3.6623177244376776e-13
3.496226465491672e-13
3.277282249781756e-13
3.006917963820116e-13
2.6872748364527793e-13
2.321085875931072e-13
1.911585883051403e-13
1.4624631782995042e-13
9.778559876295522e-14
4.623837028329403e-14
-7.880700087148024e-15
-6.400065160749248e-14
-1.2149415749007674e-13
-1.796827038921097e-13
-2.378476582794042e-13
-2.9524656912624875e-13
-3.5113287344904567e-13
-4.0477642551047664e-13
-4.554820764181287e-13
-5.02603971515802e-13
-5.455541866478818e-13
-5.838055717065179e-13
-6.168899192651046e-13
-6.443935375088108e-13
-6.659527587218408e-13
-6.812517558441682e-13
-6.900243116081354e-13
-6.920600616561637e-13
-6.872144804169322e-13
-6.754207912107477e-13
-6.56701315451827e-13
-6.311756866798371e-13
-5.990638656093127e-13
-5.606828852891981e-13
-5.164375020532676e-13
-4.66806141209235e-13
-4.1232442772413223e-13
-3.535689756651178e-13
-2.911438901196139e-13
-2.2567166557045196e-13
-1.5778902576165426e-13
-8.814700714835467e-14
-1.7413529506272732e-14
5.372393175462515e-14
1.2455801131923897e-13
1.9436536491230977e-13
2.624157367978941e-13
3.2798586675708304e-13
3.903767429713045e-13
4.48931855392488e-13
5.03053775107953e-13
5.522166567682322e-13
5.959730729371976e-13
6.339547563733058e-13
6.658680818404607e-13
6.91486175451279e-13
7.106401546174692e-13
7.232120345930492e-13
7.291312814831012e-13
7.283759754552363e-13
7.209783072309701e-13
7.070329537604042e-13
6.867060395533487e-13
6.602420856022981e-13
6.279666523857316e-13
5.902832306367261e-13
5.476641309868514e-13
5.0063639670328e-13
4.497648189092324e-13
3.956347260577346e-13
3.3883720989621956e-13
2.799588382035005e-13
2.1957682928619462e-13
1.5825937191762958e-13
9.656956597384404e-14
3.5070614842539494e-14
-2.5670380915047658e-14
-8.508232962446976e-14
-1.4259515270351528e-13
-1.9765003759783588e-13
-2.4971378677201363e-13
-2.9829505639809095e-13
-3.429597232907061e-13
-3.833426965037093e-13
-4.191541881783205e-13
-4.50179618794599e-13
-4.762736875168157e-13
-4.973503737208996e-13
-5.133714617524539e-13
-5.243364021523005e-13
-5.302758843088706e-13
-5.312504977219008e-13
-5.273545341656285e-13
-5.187236421504368e-13
-5.055440053719063e-13
-4.880602267344822e-13
-4.665792795083025e-13
-4.414687002224937e-13
-4.131484570407263e-13
-3.820773387038924e-13
-3.487359405866547e-13
-3.136090841305934e-13
-2.771706117194684e-13
-2.398729225048611e-13
-2.0214248890725827e-13
-1.6438118273387402e-13
-1.2697187748424407e-13
-9.028580322257944e-14
-5.468874937883845e-14
-2.0543532233579302e-14
1.1792905992409284e-14
4.197804454897109e-14
6.96968181428656e-14
9.467679979178583e-14
1.1670256030756992e-13
1.3562629566726184e-13
1.5137256396085978e-13
1.6393623584125024e-13
1.733742384070415e-13
1.7979301203559133e-13
1.833344841092435e-13
1.8416358197743367e-13
1.8245980777162875e-13
1.784142995123088e-13
1.722323695993486e-13
1.641400874135652e-13
1.5439240004878044e-13
1.4327982308130708e-13
1.3113099462837656e-13
1.1830931013069374e-13
1.0520322246350074e-13
9.221127559821695e-14
7.972418517518716e-14
6.810698791653647e-14
5.768428419993648e-14
4.8730894001994386e-14
4.146900484611032e-14
3.607140910202421e-14
3.266906180897137e-14
3.136026570107807e-14
3.2218527142220635e-14
3.529658563123806e-14
4.062518712088609e-14
4.8206588177622855e-14
5.800420112777193e-14
6.993087612674287e-14
8.383880273290356e-14
9.951378381486122e-14
1.1667574354319652e-13
1.3498599242320257e-13
1.5406030608785016e-13
1.7348563050931033e-13
1.9283749931494517e-13
2.116952086855845e-13
2.296524462146889e-13
2.463222509561763e-13
2.613366056002121e-13
2.7434228486833516e-13
2.849954897503861e-13
2.9295807026923457e-13
2.9789771826139563e-13
2.9949350125565373e-13
2.974467545222025e-13
2.9149597713456054e-13
2.8143331793215384e-13
2.6711974065344724e-13
2.4849614022076823e-13
2.2558849751690962e-13
1.9850641112686812e-13
1.6743573258088436e-13
1.3262722790769073e-13
9.438391272323853e-14
5.3049795390043715e-14
9.002200714978803e-15
-3.7351222702816345e-14
-8.557102388494948e-14
-1.3518145680100868e-13
-1.8566530771517269e-13
-2.3646067892789053e-13
-2.869620241445048e-13
-3.3652683035950344e-13
-3.844880972322746e-13
-4.3017147218622334e-13
-4.729148614074302e-13
-5.120877943171228e-13
-5.471078940747268e-13
-5.774524754277895e-13
-6.026643913115584e-13
-6.223525196173795e-13
-6.361884234952003e-13
-6.439014679178098e-13
-6.452748623383766e-13
-6.401446877176305e-13
-6.284030597520049e-13
-6.100053969479105e-13
-5.849805827655796e-13
-5.534419124471649e-13
-5.155963067506348e-13
-4.71749450645677e-13
-4.223052331823671e-13
-3.6775895843651376e-13
-3.086850146629184e-13
-2.4572075109729236e-13
-1.7954897852955692e-13
-1.1088163270610507e-13
-4.0446696379814364e-14
3.1020426258472285e-14
1.0278103845791997e-13
1.740938689463262e-13
2.442143153877199e-13
3.123945251545727e-13
3.778864407152802e-13
4.399492351663034e-13
4.97861505804303e-13
5.509374227168525e-13
5.985450137671121e-13
6.4012414067653e-13
6.752016288114181e-13
7.034014803133806e-13
7.244490240710029e-13
7.381690303691572e-13
7.444789788750889e-13
7.433795538315437e-13
7.349448491448441e-13
7.193146049267882e-13
6.966901016441959e-13
6.673342661959408e-13
6.315753412210706e-13
5.898124124487708e-13
5.42520426154519e-13
4.902522197169754e-13
4.336355677770256e-13
3.7336421464088756e-13
3.1018310635169805e-13
2.4486927244191935e-13
1.782107534325844e-13
1.1098640314635961e-13
4.394920654805144e-14
-2.218502279272321e-14
-8.674289677953875e-14
-1.4909333379853087e-13
-2.0864392599628967e-13
-2.6483639800759126e-13
-3.1714388902652277e-13
-3.6507225782793706e-13
-4.08166532856637e-13
-4.460222511400652e-13
-4.783000711198689e-13
-5.047410287831011e-13
-5.251793835443581e-13
-5.39550285881436e-13
-5.478904436736763e-13
-5.503313622148304e-13
-5.470862654274041e-13
-5.384331149563743e-13
-5.246969163492904e-13
-5.062345445973873e-13
-4.834246113722046e-13
-4.566635888164218e-13
-4.263678013566993e-13
-3.9297937670917456e-13
-3.569731773471084e-13
-3.1886138123987936e-13
-2.7919284580454077e-13
-2.385455769338756e-13
-1.9751226424714637e-13
-1.5668054777468027e-13
-1.1661103927125038e-13
-7.781679704074198e-14
-4.074776815890182e-14
-5.782692535144214e-15
2.677066167121786e-14
5.666791174741602e-14
8.371573621612539e-14
1.0775844259025561e-13
1.28667202438857e-13
1.4633495498082386e-13
1.606784619980788e-13
1.7164709438175116e-13
1.7923610461578275e-13
1.8350083980416757e-13
1.8456790510268102e-13
1.8263982219535507e-13
1.7799112801286013e-13
1.7095579693197576e-13
1.6190787944185962e-13
1.5123884077122188e-13
1.3933585863387853e-13
1.2656509882485182e-13
1.1326277667796454e-13
9.973491667914133e-14
8.626459973657745e-14
7.312365762201589e-14
6.058469108083852e-14
4.892922722258163e-14
3.844881867438387e-14
2.943768810005817e-14
2.2177699027720283e-14
1.6918451094834012e-14
1.3856652043575664e-14
1.3119266238164373e-14
1.4754182495114355e-14
1.8730458207943724e-14
2.494799017736187e-14
3.32542766084954e-14
4.3464310609667205e-14
5.5378989384618454e-14
6.879790375936368e-14
8.352387660141292e-14
9.935877704039259e-14
1.1609241530740066e-13
1.3348815211055306e-13
1.5126977677271287e-13
1.6911398415459704e-13
1.8665146080406712e-13
2.0347749941034495e-13
2.1917071624658377e-13
2.333164338893708e-13
2.4553011606360316e-13
2.5547620067433695e-13
2.628787855524893e-13
2.675226055830918e-13
2.692451053705608e-13
2.6792256668511056e-13
2.6345465397286135e-13
2.557520409324166e-13
2.4473090032529546e-13
2.303161987008018e-13
2.1245340080233138e-13
1.9112594440805974e-13
1.663742622034387e-13
1.3831160430900402e-13
1.0713258720940784e-13
7.3112094200132e-14
3.659445145483575e-14
-2.024877110640391e-15
-4.232107867462258e-14
-8.386051891590351e-14
-1.2621570886794075e-13
-1.689719361335148e-13
-2.1172499855761884e-13
-2.540718174082456e-13
-2.955975771371912e-13
-3.3586396510026897e-13
-3.744028330629805e-13
-4.1071823883760344e-13
-4.442976999577459e-13
-4.746311446818018e-13
-5.012340768081348e-13
-5.23670380332794e-13
-5.41570253386871e-13
-5.546399586214207e-13
-5.626621002252219e-13
-5.654874671105719e-13
-5.630215218285534e-13
-5.552098457736089e-13
-5.420269623918769e-13
-5.234719286301186e-13
-4.995721810788195e-13
-4.703948404509223e-13
-4.360626051365394e-13
-3.9677003459685637e-13
-3.5279577653194097e-13
-3.045071885833565e-13
-2.523556118960904e-13
-1.968628029961674e-13
-1.3860114284622752e-13
-7.8171675911792e-14
-1.6184423076767853e-14
4.6755333611509615e-14
1.1005277911414918e-13
1.7312146971399614e-13
2.353756836643973e-13
2.9622097770073494e-13
3.550471969934402e-13
4.1122755053897446e-13
4.64125774471698e-13
5.131112789887529e-13
5.575800650544813e-13
5.969776526804616e-13
6.308196822386851e-13
6.587063806466962e-13
6.803285826269773e-13
6.95465069649483e-13
7.039730940249283e-13
6.95465069649483e-13
6.803285826269773e-13
6.587063806466962e-13
6.308196822386851e-13
5.969776526804616e-13
5.575800650544813e-13
5.131112789887529e-13
4.64125774471698e-13
4.1122755053897446e-13
3.550471969934402e-13
2.9622097770073494e-13
2.353756836643973e-13
1.7312146971399614e-13
1.1005277911414918e-13
4.6755333611509615e-14
-1.6184423076767853e-14
-7.8171675911792e-14
-1.3860114284622752e-13
-1.968628029961674e-13
-2.523556118960904e-13
-3.045071885833565e-13
-3.5279577653194097e-13
-3.9677003459685637e-13
-4.360626051365394e-13
-4.703948404509223e-13
-4.995721810788195e-13
-5.234719286301186e-13
-5.420269623918769e-13
-5.552098457736089e-13
-5.630215218285534e-13
-5.654874671105719e-13
-5.626621002252219e-13
-5.546399586214207e-13
-5.41570253386871e-13
-5.23670380332794e-13
-5.012340768081348e-13
-4.746311446818018e-13
-4.442976999577459e-13
-4.1071823883760344e-13
-3.744028330629805e-13
-3.3586396510026897e-13
-2.955975771371912e-13
-2.540718174082456e-13
-2.1172499855761884e-13
-1.689719361335148e-13
-1.2621570886794075e-13
-8.386051891590351e-14
-4.232107867462258e-14
-2.024877110640391e-15
3.659445145483575e-14
7.3112094200132e-14
1.0713258720940784e-13
1.3831160430900402e-13
1.663742622034387e-13
1.9112594440805974e-13
2.1245340080233138e-13
2.303161987008018e-13
2.4473090032529546e-13
2.557520409324166e-13
2.6345465397286135e-13
2.6792256668511056e-13
2.692451053705608e-13
2.675226055830918e-13
2.628787855524893e-13
2.5547620067433695e-13
2.4553011606360316e-13
2.333164338893708e-13
2.1917071624658377e-13
2.0347749941034495e-13
1.8665146080406712e-13
1.6911398415459704e-13
1.5126977677271287e-13
1.3348815211055306e-13
1.1609241530740066e-13
9.935877704039259e-14
8.352387660141292e-14
6.879790375936368e-14
5.5378989384618454e-14
4.3464310609667205e-14
3.32542766084954e-14
2.494799017736187e-14
1.8730458207943724e-14
1.4754182495114355e-14
1.3119266238164373e-14
1.3856652043575664e-14
1.6918451094834012e-14
2.2177699027720283e-14
2.943768810005817e-14
3.844881867438387e-14
4.892922722258163e-14
6.058469108083852e-14
7.312365762201589e-14
8.626459973657745e-14
9.973491667914133e-14
1.1326277667796454e-13
1.2656509882485182e-13
1.3933585863387853e-13
1.5123884077122188e-13
1.6190787944185962e-13
1.7095579693197576e-13
1.7799112801286013e-13
1.8263982219535507e-13
1.8456790510268102e-13
1.8350083980416757e-13
1.7923610461578275e-13
1.7164709438175116e-13
1.606784619980788e-13
1.4633495498082386e-13
1.28667202438857e-13
1.0775844259025561e-13
8.371573621612539e-14
5.666791174741602e-14
2.677066167121786e-14
-5.782692535144214e-15
-4.074776815890182e-14
-7.781679704074198e-14
-1.1661103927125038e-13
-1.5668054777468027e-13
-1.9751226424714637e-13
-2.385455769338756e-13
-2.7919284580454077e-13
-3.1886138123987936e-13
-3.569731773471084e-13
-3.9297937670917456e-13
-4.263678013566993e-13
-4.566635888164218e-13
-4.834246113722046e-13
-5.062345445973873e-13
-5.246969163492904e-13
-5.384331149563743e-13
-5.470862654274041e-13
-5.503313622148304e-13
-5.478904436736763e-13
-5.39550285881436e-13
-5.251793835443581e-13
-5.047410287831011e-13
-4.783000711198689e-13
-4.460222511400652e-13
-4.08166532856637e-13
-3.6507225782793706e-13
-3.1714388902652277e-13
-2.6483639800759126e-13
-2.0864392599628967e-13
-1.4909333379853087e-13
-8.674289677953875e-14
-2.218502279272321e-14
4.394920654805144e-14
1.1098640314635961e-13
1.782107534325844e-13
2.4486927244191935e-13
3.1018310635169805e-13
3.7336421464088756e-13
4.336355677770256e-13
4.902522197169754e-13
5.42520426154519e-13
5.898124124487708e-13
6.315753412210706e-13
6.673342661959408e-13
6.966901016441959e-13
7.193146049267882e-13
7.349448491448441e-13
7.433795538315437e-13
7.444789788750889e-13
7.381690303691572e-13
7.244490240710029e-13
7.034014803133806e-13
6.752016288114181e-13
6.4012414067653e-13
5.985450137671121e-13
5.509374227168525e-13
4.97861505804303e-13
4.399492351663034e-13
3.778864407152802e-13
3.123945251545727e-13
2.442143153877199e-13
1.740938689463262e-13
1.0278103845791997e-13
3.1020426258472285e-14
-4.0446696379814364e-14
-1.1088163270610507e-13
-1.7954897852955692e-13
-2.4572075109729236e-13
-3.086850146629184e-13
-3.6775895843651376e-13
-4.223052331823671e-13
-4.71749450645677e-13
-5.155963067506348e-13
-5.534419124471649e-13
-5.849805827655796e-13
-6.100053969479105e-13
-6.284030597520049e-13
-6.401446877176305e-13
-6.452748623383766e-13
-6.439014679178098e-13
-6.361884234952003e-13
-6.223525196173795e-13
-6.026643913115584e-13
-5.774524754277895e-13
-5.471078940747268e-13
-5.120877943171228e-13
-4.729148614074302e-13
-4.3017147218622334e-13
-3.844880972322746e-13
-3.3652683035950344e-13
-2.869620241445048e-13
-2.3646067892789053e-13
-1.8566530771517269e-13
-1.3518145680100868e-13
-8.557102388494948e-14
-3.7351222702816345e-14
9.002200714978803e-15
5.3049795390043715e-14
9.438391272323853e-14
1.3262722790769073e-13
1.6743573258088436e-13
1.9850641112686812e-13
2.2558849751690962e-13
2.4849614022076823e-13
2.6711974065344724e-13
2.8143331793215384e-13
2.9149597713456054e-13
2.974467545222025e-13
2.9949350125565373e-13
2.9789771826139563e-13
2.9295807026923457e-13
2.849954897503861e-13
2.7434228486833516e-13
2.613366056002121e-13
2.463222509561763e-13
2.296524462146889e-13
2.116952086855845e-13
1.9283749931494517e-13
1.7348563050931033e-13
1.5406030608785016e-13
1.3498599242320257e-13
1.1667574354319652e-13
9.951378381486122e-14
8.383880273290356e-14
6.993087612674287e-14
5.800420112777193e-14
4.8206588177622855e-14
4.062518712088609e-14
3.529658563123806e-14
3.2218527142220635e-14
3.136026570107807e-14
3.266906180897137e-14
3.607140910202421e-14
4.146900484611032e-14
4.8730894001994386e-14
5.768428419993648e-14
6.810698791653647e-14
7.972418517518716e-14
9.221127559821695e-14
1.0520322246350074e-13
1.1830931013069374e-13
1.3113099462837656e-13
1.4327982308130708e-13
1.5439240004878044e-13
1.641400874135652e-13
1.722323695993486e-13
1.784142995123088e-13
1.8245980777162875e-13
1.8416358197743367e-13
1.833344841092435e-13
1.7979301203559133e-13
1.733742384070415e-13
1.6393623584125024e-13
1.5137256396085978e-13
1.3562629566726184e-13
1.1670256030756992e-13
9.467679979178583e-14
6.96968181428656e-14
4.197804454897109e-14
1.1792905992409284e-14
-2.0543532233579302e-14
-5.468874937883845e-14
-9.028580322257944e-14
-1.2697187748424407e-13
-1.6438118273387402e-13
-2.0214248890725827e-13
-2.398729225048611e-13
-2.771706117194684e-13
-3.136090841305934e-13
-3.487359405866547e-13
-3.820773387038924e-13
-4.131484570407263e-13
-4.414687002224937e-13
-4.665792795083025e-13
-4.880602267344822e-13
-5.055440053719063e-13
-5.187236421504368e-13
-5.273545341656285e-13
-5.312504977219008e-13
-5.302758843088706e-13
-5.243364021523005e-13
-5.133714617524539e-13
-4.973503737208996e-13
-4.762736875168157e-13
-4.50179618794599e-13
-4.191541881783205e-13
-3.833426965037093e-13
-3.429597232907061e-13
-2.9829505639809095e-13
-2.4971378677201363e-13
-1.9765003759783588e-13
-1.4259515270351528e-13
-8.508232962446976e-14
-2.5670380915047658e-14
3.5070614842539494e-14
9.656956597384404e-14
1.5825937191762958e-13
2.1957682928619462e-13
2.799588382035005e-13
3.3883720989621956e-13
3.956347260577346e-13
4.497648189092324e-13
5.0063639670328e-13
5.476641309868514e-13
5.902832306367261e-13
6.279666523857316e-13
6.602420856022981e-13
6.867060395533487e-13
7.070329537604042e-13
7.209783072309701e-13
7.283759754552363e-13
7.291312814831012e-13
7.232120345930492e-13
7.106401546174692e-13
6.91486175451279e-13
6.658680818404607e-13
6.339547563733058e-13
5.959730729371976e-13
5.522166567682322e-13
5.03053775107953e-13
4.48931855392488e-13
3.903767429713045e-13
3.2798586675708304e-13
2.624157367978941e-13
1.9436536491230977e-13
1.2455801131923897e-13
5.372393175462515e-14
-1.7413529506272732e-14
-8.814700714835467e-14
-1.5778902576165426e-13
-2.2567166557045196e-13
-2.911438901196139e-13
-3.535689756651178e-13
-4.1232442772413223e-13
-4.66806141209235e-13
-5.164375020532676e-13
-5.606828852891981e-13
-5.990638656093127e-13
-6.311756866798371e-13
-6.56701315451827e-13
-6.754207912107477e-13
-6.872144804169322e-13
-6.920600616561637e-13
-6.900243116081354e-13
-6.812517558441682e-13
-6.659527587218408e-13
-6.443935375088108e-13
-6.168899192651046e-13
-5.838055717065179e-13
-5.455541866478818e-13
-5.02603971515802e-13
-4.554820764181287e-13
-4.0477642551047664e-13
-3.5113287344904567e-13
-2.9524656912624875e-13
-2.378476582794042e-13
-1.796827038921097e-13
-1.2149415749007674e-13
-6.400065160749248e-14
-7.880700087148024e-15
4.623837028329403e-14
9.778559876295522e-14
1.4624631782995042e-13
1.911585883051403e-13
2.321085875931072e-13
2.6872748364527793e-13
3.006917963820116e-13
3.277282249781756e-13
3.496226465491672e-13
3.6623177244376776e-13
3.7749507430773964e-13
3.834442746229518e-13
3.8420801597292265e-13
3.8001020974902047e-13
3.711618137556257e-13
3.5804710796743144e-13
3.41106619436246e-13
3.2081943732082757e-13
2.9768761928701163e-13
2.7222473205842176e-13
2.449494493779942e-13
2.1638381739292215e-13
1.8705460415089268e-13
1.574953619154236e-13
1.282466375024537e-13
9.985221433035098e-14
7.28502545925618e-14
4.7759496700086423e-14
2.5061944822030202e-14
5.184457125438965e-15
-1.1517936222519447e-14
-2.477437918654599e-14
-3.440441813683572e-14
-4.0317560625828994e-14
-4.250695991038356e-14
-4.1039166373605515e-14
-3.604256241902794e-14
-2.769714514580865e-14
-1.6227733880727593e-14
-1.901601807750914e-15
1.4969775994047392e-14
3.402638571376094e-14
5.485511460795745e-14
7.698758513020285e-14
9.990260459679175e-14
1.2303449857001182e-13
1.4578731210538834e-13
1.6755355284609373e-13
1.8773512498415975e-13
2.0576360672293863e-13
2.2111717341933215e-13
2.3333222750384587e-13
2.4200898306089633e-13
2.468115847233689e-13
2.474645007848521e-13
2.4374764467048173e-13
2.35492780110815e-13
2.2258323360702113e-13
2.0495790462072157e-13
1.8261928060636207e-13
1.556439411293949e-13
1.2419316851360382e-13
8.852098184593878e-14
4.897725137836876e-14
6.004453098535056e-15
-3.987212370522271e-14
-8.805959486542726e-14
-1.3791594903530237e-13
-1.8876903163728828e-13
-2.3993338265288423e-13
-2.9072294180635874e-13
-3.40458750923548e-13
-3.8847207102870456e-13
-4.341044830133849e-13
-4.767072814327188e-13
-5.156426261195747e-13
-5.502884509938214e-13
-5.800481567072495e-13
-6.043648670960044e-13
-6.227388068928759e-13
-6.347454515178076e-13
-6.4005172529152e-13
-6.384277719931355e-13
-6.297526340278374e-13
-6.140133632638679e-13
-5.912983699803275e-13
-5.617868969111798e-13
-5.257371328139589e-13
-4.834755120221002e-13
-4.353891817271849e-13
-3.8192259656486845e-13
-3.2357796684757644e-13
-2.6091813746642204e-13
-1.94569682914339e-13
-1.2522375839766192e-13
-5.363260646740905e-14
1.9399500918877608e-14
9.303090996613392e-14
1.664016177895243e-13
2.386545095785803e-13
3.0895612415473013e-13
3.765143725377699e-13
4.405913060571412e-13
5.005101159214063e-13
5.556567913476267e-13
6.054779784932063e-13
6.494773092841035e-13
6.872126413435335e-13
7.182962314591047e-13
7.423989575501157e-13
7.592585240983338e-13
7.686904129211182e-13
7.705994523380846e-13
7.649894838050755e-13
7.519688008598317e-13
7.317497780473091e-13
7.046422272226567e-13
6.710412574192023e-13
6.314114868117072e-13
5.862701143993618e-13
5.361714540449585e-13
4.816950444884586e-13
4.2343849133768516e-13
3.620149947395378e-13
2.980543497956465e-13
2.3220534749441673e-13
1.6513715195649736e-13
9.75374669794143e-14
3.010607591372754e-14
-3.645653587151385e-14
-1.014645497096625e-13
-1.6426422296706792e-13
-2.2425079695147845e-13
-2.808823431697427e-13
-3.336885504310134e-13
-3.822734718503576e-13
-4.26312488541319e-13
-4.655449212035631e-13
-4.997645614636465e-13
-5.288107080995164e-13
-5.525620075175106e-13
-5.70934580312954e-13
-5.838847573502943e-13
-5.914155201134394e-13
-5.935847286473219e-13
-5.905126639356997e-13
-5.823864424018336e-13
-5.694594742150248e-13
-5.520451939985142e-13
-5.305055481787055e-13
-5.052358859368093e-13
-4.766486991764519e-13
-4.451589034186455e-13
-4.111729861861975e-13
-3.7508345467291764e-13
-3.3726879644586986e-13
-2.980979078649701e-13
-2.579369376289925e-13
-2.1715597235784732e-13
-1.7613307940784057e-13
-1.3525389922430733e-13
-9.490608762124683e-14
-5.5469188120835805e-14
-1.7301665433985017e-14
1.9272418002024602e-14
5.397442822080176e-14
8.65776839958404e-14
1.169082433464553e-13
1.4483997966222786e-13
1.7028523754917797e-13
1.9318332489798574e-13
2.1348954051735204e-13
2.3116725102293867e-13
2.4618475897953505e-13
2.585175268938249e-13
2.6815501471789835e-13
2.7511025927207874e-13
2.794296383851667e-13
2.8120018245907184e-13
2.805523409725869e-13
2.776571531521527e-13
2.7271806523089056e-13
2.6595887630299815e-13
2.57610188017842e-13
2.4789706908305224e-13
2.370303442182151e-13
2.2520304986355686e-13
2.125923705449353e-13
1.9936607074020364e-13
1.8569137453069935e-13
1.7174367038476648e-13
1.577124667221942e-13
1.4380268343892173e-13
1.3023047862458616e-13
1.1721411415143844e-13
1.0496154985395967e-13
9.365724349822256e-14
8.34508375641717e-14
7.44499877358517e-14
6.671863508767969e-14
6.028077202751887e-14
5.512849900253907e-14
5.1232211826177724e-14
4.855032383354918e-14
4.703611370025086e-14
4.664005115407748e-14
4.730710507041719e-14
4.8969805594131565e-14
5.153891197499366e-14
5.489417465771793e-14
5.887772432446953e-14
6.32920640867606e-14
6.790361852110398e-14
7.245154912565099e-14
7.666037534502229e-14
8.025411923269146e-14
8.296941073036246e-14
8.456531037153496e-14
8.482844473181098e-14
8.357320249912665e-14
8.063792826632723e-14
7.587899360239148e-14
6.916509855750253e-14
6.037405304427132e-14
4.939363639013513e-14
3.6127094535116745e-14
2.0502658230577838e-14
2.4854327490597947e-15
-1.7910636146414675e-14
-4.0613124329536226e-14
-6.548577543041118e-14
-9.232849203024772e-14
-1.208826072088151e-13
-1.5084028208994996e-13
-1.8185607656143116e-13
-2.1355841561757478e-13
-2.4555889069853767e-13
-2.774580327516391e-13
-3.088471974877518e-13
-3.39307269449245e-13
-3.684057648402254e-13
-3.956943877194457e-13
-4.2070906151141223e-13
-4.4297393069416404e-13
-4.620099353768153e-13
-4.773475179200828e-13
-4.885420719760606e-13
-4.951901106236192e-13
-4.969439546845492e-13
-4.93523058316377e-13
-4.847208146035742e-13
-4.704066429307342e-13
-4.505241250468579e-13
-4.2508670354221e-13
-3.941728160157375e-13
-3.57922235456111e-13
-3.165348568559534e-13
-2.70272345836033e-13
-2.1946214735292403e-13
-1.6450256001137358e-13
-1.0586709982148861e-13
-4.410631673228047e-14
2.015440131753555e-14
8.6221788155871e-14
1.5334628473204364e-13
2.2073725118408623e-13
2.8758016908002847e-13
3.530539221497481e-13
4.163463850965969e-13
4.766670655222171e-13
5.332563068567042e-13
5.853913898975815e-13
6.323905750605204e-13
6.736165471671857e-13
7.084807681515087e-13
7.364499066899053e-13
7.570548805303749e-13
7.699022667397916e-13
7.746870882399024e-13
7.71205443042872e-13
7.593652285098706e-13
7.391933746774522e-13
7.108385015138055e-13
6.745686429432062e-13
6.307644744485197e-13
5.799091671370684e-13
5.22576421485151e-13
4.594183192101352e-13
3.9115436011530483e-13
3.1856248996561496e-13
2.4247220680487086e-13
1.637591220575302e-13
8.333981201253863e-14
2.165548936975154e-15
-7.87863927787064e-14
-1.5852472199992918e-13
-2.3605959919083725e-13
-3.104210152178764e-13
-3.8067882452115626e-13
-4.4596272624122965e-13
-5.054803726745495e-13
-5.585320360111704e-13
-6.045208310063431e-13
-6.429582523710778e-13
-6.73465576417016e-13
-6.957723238266101e-13
-7.097133413616195e-13
-7.152260541746379e-13
-7.123490677344913e-13
-7.012226423809066e-13
-6.820907728693922e-13
-6.553038620820472e-13
-6.213204576403814e-13
-5.807063511375851e-13
-5.341295739094436e-13
-4.823504218713303e-13
-4.262064819183819e-13
-3.665935321012143e-13
-3.0444394679100347e-13
-2.4070468222462106e-13
-1.7631693996336285e-13
-1.1219919206421217e-13
-4.923448754402088e-14
1.1737987143876636e-14
6.992803642775632e-14
1.2459788775788902e-13
1.7506581073575299e-13
2.2071159975181107e-13
2.609849537379196e-13
2.9541684949013793e-13
3.2363298908331423e-13
3.4536754780595903e-13
3.6047496688831236e-13
3.6893755432215284e-13
3.7086719277246216e-13
3.6650040054776773e-13
3.5618714466356635e-13
3.403749046406816e-13
3.195902774949735e-13
2.9442070948843373e-13
2.6549866163971683e-13
2.3348971999750174e-13
1.9908502806135646e-13
1.629972114703201e-13
1.2595797179968995e-13
8.87149904487309e-14
5.2025845220240666e-14
1.6647301842166017e-14
-1.6680542334201757e-14
-4.7254470447820954e-14
-7.443071764930569e-14
-9.764710363432874e-14
-1.164417317563039e-13
-1.304657344401012e-13
-1.394885951799731e-13
-1.4339597131670766e-13
-1.4218135932298042e-13
-1.35934053697271e-13
-1.2482638711427695e-13
-1.0910307045927932e-13
-8.907461043423263e-14
-6.511546479645316e-14
-3.7666114018377806e-14
-7.236941082688734e-15
2.5588964321639832e-14
6.015702488135195e-14
9.574868607328203e-14
1.31596209280022e-13
1.669041582405839e-13
2.0087547624967592e-13
2.327389678964933e-13
2.617746104802943e-13
2.8733352988811595e-13
3.08850597656415e-13
3.2584918272035837e-13
3.379392536010297e-13
3.448113804938309e-13
3.4622990772997594e-13
3.420284798982321e-13
3.3211022673685625e-13
3.164534506998386e-13
2.9512196763409764e-13
2.682777358814863e-13
2.3619244446548747e-13
1.9925456038300853e-13
1.579690133491798e-13
1.1294807487265417e-13
6.489374864803859e-14
1.4573717582573666e-14
-3.720582015361131e-14
-8.962655497307465e-14
-1.418801784092247e-13
-1.931838123762791e-13
-2.427880309059511e-13
-2.8997854787899937e-13
-3.3407414117134777e-13
-3.744242198171689e-13
-4.1040941431348195e-13
-4.414476862534631e-13
-4.670069239531428e-13
-4.866231839180158e-13
-4.999220904925782e-13
-5.066398179543971e-13