-8.972059004124409e-14
-8.282104703124118e-14
-6.956406618323283e-14
-5.098744207486289e-14
-2.85369646624337e-14
-3.946830483366812e-15
2.0899770435591392e-14
4.4116978695557025e-14
6.395744486501933e-14
7.893836884387895e-14
8.794499016975662e-14
9.030658782616756e-14
8.584197552461385e-14
7.487277116640237e-14
5.820360089666015e-14
3.706929292120208e-14
1.3050462817359775e-14
-1.2039047917618346e-14
-3.628669405158077e-14
-5.78285249037081e-14
-7.499744524526854e-14
-8.645908548654227e-14
-9.132205444179978e-14
-8.921138875276925e-14
-8.029778640598856e-14
-6.52801284188567e-14
-4.5323994535033445e-14
-2.1963454786024128e-14
3.0233645254108674e-15
2.7752964491328006e-14
5.037764793127619e-14
6.921891874769999e-14
8.288497612594687e-14
9.036631065871492e-14
9.110509960465884e-14
8.503520725717066e-14
7.25903161293498e-14
5.4678463271097805e-14
3.262249778197642e-14
8.068023150500799e-15
-1.713674827778303e-14
-4.108146633216937e-14
-6.194350456494854e-14
-7.813402318795113e-14
-8.842636831667723e-14
-9.205420500109824e-14
-8.876991891007145e-14
-7.885833985430269e-14
-6.31059317255695e-14
-4.2730341591513876e-14
-1.9278815221092686e-14
5.494003118354352e-15
2.975801507330664e-14
5.173945009153844e-14
6.984426987027517e-14
8.276676003881358e-14
8.957826066326741e-14
8.979180308269932e-14
8.339882515614493e-14
7.087454647034512e-14
5.314950141463977e-14
3.154653483827252e-14
7.685357120495856e-15
-1.6639740491221466e-14
-3.9599795281208915e-14
-5.94765477555449e-14
-7.479958812478568e-14
-8.446194086034309e-14
-8.780308093146016e-14
-8.46522953493718e-14
-7.533008110741092e-14
-6.061000012500017e-14
-4.164725423958872e-14
-1.9882638388028598e-14
3.0686769585768825e-15
2.553463706699115e-14
4.590252215759404e-14
6.272785061295546e-14
7.483104706935988e-14
8.137746275307001e-14
8.193633386886063e-14
7.651416103079179e-14
6.555833422153947e-14
4.99280892484821e-14
3.0832276712682406e-14
9.736791961792155e-15
-1.1751676098970907e-14
-3.201544246677605e-14
-4.9556698902931076e-14
-6.311640776582267e-14
-7.176956262913577e-14
-7.498831870771585e-14
-7.266877683300406e-14
-6.512173605390839e-14
-5.303163312907911e-14
-3.7390508420216664e-14
-1.941490808639674e-14
-4.533108069167305e-16
1.810954466935358e-14
3.4946495786853884e-14
4.887609403157264e-14
5.894154891035491e-14
6.4476666021707e-14
6.515433285554187e-14
6.101272761552478e-14
5.245487879086242e-14
4.021884886640431e-14
2.53186533230781e-14
8.959651962444267e-15
-7.564155232259204e-15
-2.2980573476056097e-14
-3.614562489220345e-14
-4.6134632995205026e-14
-5.2309019673780034e-14
-5.4353543251683304e-14
-5.2282940373012336e-14
-4.642081120836268e-14
-3.735635640709382e-14
-2.588583296959966e-14
-1.2945379636137151e-14
4.593996688096062e-16
1.3323346939866708e-14
2.4708749849065376e-14
3.380759496394509e-14
3.9996922812868327e-14
4.28841975810721e-14
4.2338604504658843e-14
3.850377375733648e-14
3.1788117405725774e-14
2.2830949285475504e-14
1.2445614597570113e-14
1.544386541440483e-15
-8.946929626769119e-15
-1.8174719279901148e-14
-2.543333681149644e-14
-3.022222869774357e-14
-3.227879148717954e-14
-3.1585288824829823e-14
-2.8352019672679815e-14
-2.2981892792350132e-14
-1.6023068170698106e-14
-8.116249839510366e-15
5.812873722339553e-17
7.829560198817966e-15
1.458255370998622e-14
1.9796882811077467e-14
2.3082811375687032e-14
2.421029285541504e-14
2.312985615446703e-14
1.9981819850425726e-14
1.5090253927773474e-14
8.939124487398396e-15
2.1303066255758376e-15
-4.673790599533487e-15
-1.0817111058529156e-14
-1.5718106861856273e-14
-1.8930009863772572e-14
-2.0184955814813217e-14
-1.9416257700359098e-14
-1.6756790144809846e-14
-1.2515364681920892e-14
-7.136244036495053e-15
-1.148861001224128e-15
4.8849372221046554e-15
1.0420053919814978e-14
1.4969868995199724e-14
1.813909107871328e-14
1.9648165886898802e-14
1.9350496907397076e-14
1.724342192842627e-14
1.3472750325248347e-14
8.329311203016076e-15
2.2350907676496714e-15
-4.283300024720505e-15
-1.0634678422195475e-14
-1.6215276806229383e-14
-2.0468205342177065e-14
-2.294343230928848e-14
-2.3349973002601526e-14
-2.1592285560426412e-14
-1.7784917102520056e-14
-1.2242835773635958e-14
-5.4488632528523516e-15
1.9967335703845813e-15
9.436949891312321e-15
1.6220687858780842e-14
2.1759868896978368e-14
2.5575739872677528e-14
2.7331878096596837e-14
2.6853945586187797e-14
2.4137894598153708e-14
1.934877063484748e-14
1.2811610125572767e-14
4.994674713386671e-15
-3.5159099057213486e-15
-1.2051482031928343e-14
-1.990681995529064e-14
-2.639563229726462e-14
-3.091191220419651e-14
-3.299100709676891e-14
-3.236258216722284e-14
-2.898744721173381e-14
-2.3071743406106135e-14
-1.505505130438105e-14
-5.5729562075755966e-15
4.60139787872511e-15
1.46291260703421e-14
2.3681603138353816e-14
3.101172245200168e-14
3.60133466640106e-14
3.826471591867482e-14
3.755456595019801e-14
3.389207417662632e-14
2.7502994294890154e-14
1.8814365669504825e-14
8.429315030170289e-15
-2.9076825636586823e-15
-1.4355460448305618e-14
-2.503092253044589e-14
-3.4072797057734964e-14
-4.0711096215148706e-14
-4.4336556057063426e-14
-4.456240801757791e-14
-4.127015036774427e-14
-3.463197787971037e-14
-2.5105182476273727e-14
-1.3397688355908055e-14
-4.081203489078857e-16
1.2852510669840175e-14
2.5348086616353744e-14
3.610366833824895e-14
4.428206846479522e-14
4.924453334262319e-14
5.059244373267164e-14
4.818975242780873e-14
4.216776630366843e-14
3.2914572811077676e-14
2.1051053428398796e-14
7.39451767285896e-15
-7.089802061256806e-15
-2.1349231725831734e-14
-3.431498869896572e-14
-4.498132163883105e-14
-5.248700312150538e-14
-5.619155366395567e-14
-5.573741427606778e-14
-5.1089686783929887e-14
-4.254719165097439e-14
-3.0722152051610623e-14
-1.6490101748249205e-14
-9.157202545186193e-16
1.4836654947361226e-14
2.9597703766487243e-14
4.2283292820545943e-14
5.1972415798032895e-14
5.796802316044422e-14
5.983875987355732e-14
5.744187050331827e-14
5.092869345287739e-14
4.0734240336074487e-14
2.755171719393445e-14
1.2292105000719036e-14
-3.9712907122608365e-15
-2.0072662686558318e-14
-3.4835474256121414e-14
-4.7161322799133717e-14
-5.6118587800459603e-14
-6.102187095617361e-14
-6.149296293633804e-14
-5.749552854872696e-14
-4.9338756391348914e-14
-3.764930576979566e-14
-2.3315151625095578e-14
-7.408471931262937e-15
8.903170238339562e-15
2.4447753231890305e-14
3.813352006615972e-14
4.902156543817266e-14
5.638306483605439e-14
5.974021653553639e-14
5.889132466719e-14
5.392073673091995e-14
4.519382405461602e-14
3.3336412180390876e-14
1.9197674034084757e-14
3.795997422802184e-15
-1.1751087828605935e-14
-2.6309410772245443e-14
-3.8816872063627325e-14
-4.836993661377167e-14
-5.4298468341157954e-14
-5.622012465064415e-14
-5.40678756533943e-14
-4.808783419486674e-14
-3.88087157530747e-14
-2.698799486802329e-14
-1.3542402263759343e-14
5.286435985769905e-16
1.4218769846614027e-14
2.6583569680585776e-14
3.679918639092272e-14
4.420925993108535e-14
4.836033417057798e-14
4.902615105181924e-14
4.622067318345671e-14
4.01986732087599e-14
3.1441959835617824e-14
2.0629360858867446e-14
8.589761322155659e-15
-3.760286440017107e-15
-1.5490079985145204e-14
-2.573249259191626e-14
-3.3757309211104907e-14
-3.903140550497628e-14
-4.12585390157446e-14
-4.039450258145998e-14
-3.663716590452332e-14
-3.039463924891497e-14
-2.2237600970139227e-14
-1.2843167767153652e-14
-2.9373989363012905e-15
6.758096019982362e-15
1.5572301597652728e-14
2.2922804549195608e-14
2.8346299104503292e-14
3.152264059449954e-14
3.2292855855725006e-14
3.0670234039735996e-14
2.6842346804159988e-14
2.116124484542335e-14
1.4119596353759868e-14
6.312247390378617e-15
-1.6147443817774388e-15
-9.0227852747731e-15
-1.5340144153925105e-14
-2.0114195674849455e-14
-2.304937125651285e-14
-2.4025970571142243e-14
-2.309831021422817e-14
-2.047424235389325e-14
-1.648100244640247e-14
-1.1523965152343294e-14
-6.044900909751031e-15
-4.84885104178353e-16
4.745334295953438e-15
9.287187656513494e-15
1.2849898554882e-14
1.5222155921683146e-14
1.6281651792981707e-14
1.6002880360648438e-14
1.4461869296086244e-14
1.183519960456471e-14
8.390356595309075e-15
4.465405294525464e-15
4.380400442598902e-16
-3.3133227930714097e-15
-6.451325618343841e-15
-8.717789600721352e-15
-9.961667517888056e-15
-1.0151935742653296e-14
-9.37338242094314e-15
-7.80663015677187e-15
-5.696776380205201e-15
-3.3169669249954977e-15
-9.335770532661916e-16
1.2215563908956042e-15
2.968800139222505e-15
4.188051886481389e-15
4.817913438958725e-15
4.850253521216908e-15
4.323701966738968e-15
3.3183871201955365e-15
1.9522917362581445e-15
3.776951721706467e-16
-1.2249955802564918e-15
-2.6586850891895207e-15
-3.7276567538999004e-15
-4.26142980706588e-15
-4.141162320753843e-15
-3.323535498572156e-15
-1.8564721139459307e-15
1.1799559555606445e-16
2.3760328948655323e-15
4.638619625305465e-15
6.608427092523565e-15
8.010577252302414e-15
8.630065471546484e-15
8.339489787159581e-15
7.113037509938331e-15
5.0257817921316085e-15
2.240382334696787e-15
-1.014537652409108e-15
-4.469270289460924e-15
-7.836763752458323e-15
-1.0832618059366452e-14
-1.3190949204916358e-14
-1.4677603576361003e-14
-1.5103081479919666e-14
-1.433711982082578e-14
-1.232533527072095e-14
-9.106181739426357e-15
-4.824497295117742e-15
2.6314180002658806e-16
5.795682280633553e-15
1.1330040553625442e-14
1.6378346683609783e-14
2.0456277447494147e-14
2.3135979991047897e-14
2.409560556157692e-14
2.3157734455722736e-14
2.0310941314154006e-14
1.5711922574599415e-14
9.669164634211755e-15
2.6121708166416056e-15
-4.947934320884769e-15
-1.246038234189125e-14
-1.9374503620120005e-14
-2.51745458157438e-14
-2.940912800062442e-14
-3.1716496753901584e-14
-3.1847202912282034e-14
-2.9685018170550735e-14
-2.5265203573535908e-14
-1.8787302566132618e-14
-1.0618250315722235e-14
-1.2814192103395415e-15
8.571447008381142e-15
1.8205790438329397e-14
2.6864266582235752e-14
3.3834955700300045e-14
3.851922666839918e-14
4.0490141313159534e-14
3.9533579457282676e-14
3.5667140146097063e-14
2.9135624642870875e-14
2.0385608804343062e-14
1.0024393082778741e-14
-1.230099264187107e-15
-1.2602246424637329e-14
-2.3309865896258763e-14
-3.2611166102243105e-14
-3.984709797916844e-14
-4.4479782135520294e-14
-4.6127555058510785e-14
-4.4595947971122135e-14
-3.990211380098248e-14
-3.228861467530496e-14
-2.2221823679395078e-14
-1.0370968094021122e-14
2.4338968347123976e-15
1.5263358985526618e-14
2.716431166842397e-14
3.724155739017801e-14
4.473554453143586e-14
4.9086752983742725e-14
4.9979407353056855e-14
4.736067035514367e-14
4.143539798204208e-14
3.263998171393696e-14
2.160100526367499e-14
9.085040530795884e-15
-4.05498348881442e-15
-1.693324501850089e-14
-2.868274552383638e-14
-3.850511977789429e-14
-4.5718715974814206e-14
-4.980428090348223e-14
-5.0445926657327466e-14
-4.7563261268394936e-14
-4.1329421314359344e-14
-3.2169880932880464e-14
-2.073859181928634e-14
-7.871025002518439e-15
5.48259975250699e-15
1.833708991599697e-14
2.975582027715348e-14
3.8928082152916486e-14
4.5231482290508074e-14
4.827342536459322e-14
4.790938479560291e-14
4.4239296406440737e-14
3.758614718169713e-14
2.846213436517934e-14
1.7527547419208175e-14
5.546142072163934e-15
-6.661081601843881e-15
-1.8263338413742018e-14
-2.8469029470253367e-14
-3.657595905632516e-14
-4.2021000097917944e-14
-4.442546053702764e-14
-4.363079801515186e-14
-3.971878727218045e-14
-3.3011192498323506e-14
-2.4046426151018142e-14
-1.3534121416811197e-14
-2.2922096719027355e-15
8.825927129471144e-15
1.9005114576961802e-14
2.753400385130202e-14
3.38557648569453e-14
3.7600083471751515e-14
3.85961197282263e-14
3.6868957404494674e-14
3.2623745250952285e-14
2.6221945352342664e-14
1.8153069514697056e-14
9.0035753307213e-15
-5.770412790982358e-16
-9.913804992186901e-15
-1.8348071326293203e-14
-2.528284150798182e-14
-3.0228831815599614e-14
-3.2846594984798336e-14
-3.29788378411214e-14
-3.0667269230421534e-14
-2.615000449405356e-14
-1.983845564160467e-14
-1.2276081504506907e-14
-4.084504232633548e-15
4.095475404252778e-15
1.1660009755537729e-14
1.8088771046266233e-14
2.2977754331238085e-14
2.6057178774878543e-14
2.7196122722494695e-14
2.639731463247643e-14
2.378594104338715e-14
1.9595496824349955e-14
1.415205769533471e-14
7.856598549523644e-15
1.1638138059803795e-15
-5.444206939209005e-15
-1.1490036748447996e-14
-1.6537386684417342e-14
-2.0228556812475397e-14
-2.2317812591553867e-14
-2.2695160398046926e-14
-2.139594381519992e-14
-1.8593920751071916e-14
-1.457848189767839e-14
-9.719661515205082e-15
-4.4267840975245724e-15
8.92585004847111e-16
5.86744451535393e-15
1.0188003169470908e-14
1.3618965089802097e-14
1.6002871102588475e-14
1.725671901798574e-14
1.7365641853639776e-14
1.637669118407049e-14
1.4394116724166596e-14
1.157559240444244e-14
8.127320817725181e-15
4.295400517445176e-15
3.51479867727e-16
-3.427638088867442e-15
-6.784659714122852e-15
-9.507064769310992e-15
-1.1448292115186182e-14
-1.2540435952533892e-14
-1.2795594314967037e-14
-1.2295462741208372e-14
-1.1171443641872128e-14
-9.579690517428822e-15
-7.676515030671645e-15
-5.5991721883358934e-15
-3.455336603378752e-15
-1.3220961984778694e-15
7.472562975114317e-16
2.712233282144175e-15
4.5342663640918926e-15
6.1696104624224e-15
7.568043830971733e-15
8.677198904669812e-15
9.450401521405621e-15
9.854769349289088e-15
9.876362754415896e-15
9.520350742408044e-15
8.806045455915712e-15
7.75863270945625e-15
6.4008151577011495e-15
4.747903319730773e-15
2.808990081464875e-15
5.949670924743742e-16
-1.868154563941378e-15
-4.524164440142073e-15
-7.274437817585211e-15
-9.972987258043485e-15
-1.2431666198804788e-14
-1.44359953301849e-14
-1.576943268490036e-14
-1.6241761197199314e-14
-1.5716215676993176e-14
-1.4130288354922303e-14
-1.150671555948732e-14
-7.953480515666918e-15
-3.654085297734487e-15
1.1488327273268997e-15
6.1727126888224535e-15
1.111373048716249e-14
1.566292728897318e-14
1.9519638451509345e-14
2.2403624662850342e-14
2.4068070538508758e-14
2.43152825990667e-14
2.301556512345999e-14
2.0127803011957064e-14
1.571837873095896e-14
9.973859814899022e-15
3.2028920579921233e-15
-4.175940313404672e-15
-1.166112583150992e-14
-1.870805135687268e-14
-2.4776935943204756e-14
-2.938245366643653e-14
-3.2138287605068893e-14
-3.279095635515112e-14
-3.1239464034047524e-14
-2.754002773514832e-14
-2.189761089638981e-14
-1.4647622880618128e-14
-6.231604764602541e-15
2.829947767974575e-15
1.1965881746225253e-14
2.0583605057324073e-14
2.810008263889175e-14
3.397559901872565e-14
3.775036824917305e-14
3.908238136881061e-14
3.778295561940002e-14
3.384496478346414e-14
2.7458279936499778e-14
1.900785696790802e-14
9.052111463762054e-15
-1.7177174237759406e-15
-1.2533300099028783e-14
-2.2613543682775778e-14
-3.122967061917777e-14
-3.7763416042855587e-14
-4.175236280719716e-14
-4.291904634759583e-14
-4.118332788293658e-14
-3.665992472613909e-14
-2.9644361669659855e-14
-2.0590768928056356e-14
-1.008408718867874e-14
1.1921503635793183e-15
1.2492559069536314e-14
2.305183501924842e-14
3.2132088167647875e-14
3.907434327356148e-14
4.335095464310083e-14
4.46137336061716e-14
4.273141477021801e-14
3.781021831573367e-14
3.0192887503399545e-14
2.0434462115141818e-14
9.256589772400013e-15
-2.5144318225599083e-15
-1.401824343670813e-14
-2.443106468645463e-14
-3.302853660552754e-14
-3.923504529990227e-14
-4.265670979703734e-14
-4.3098105923728946e-14
-4.056494447584709e-14
-3.5255873024574403e-14
-2.7546271476581022e-14
-1.796570712728781e-14
-7.16923008714271e-15
4.098377612099339e-15
1.5046394455592907e-14
2.4889933726491424e-14
3.2907631508408326e-14
3.850079025693932e-14
4.1247514068523747e-14
4.094447659648871e-14
3.762963530332995e-14
3.158148048322313e-14
2.329386390208607e-14
1.3429319343938672e-14
2.7571554873748757e-15
-7.915323904738928e-15
-1.7809789563570487e-14
-2.6234766540664573e-14
-3.262980542844212e-14
-3.659445528189034e-14
-3.790327859755027e-14
-3.6509790159275094e-14
-3.254244358316956e-14
-2.6294783069115917e-14
-1.8210176727318795e-14
-8.859923646834138e-15
1.0872830925590952e-15
1.0906091414643579e-14
1.9865215810022883e-14
2.7285321898875668e-14
3.259852283184208e-14
3.5402009702101355e-14
3.549790268435272e-14
3.291278546625231e-14
2.7893380688859516e-14
2.0878775856724887e-14
1.245356426551049e-14
3.2892507412991804e-15
-5.917425291206432e-15
-1.4501223227667976e-14
-2.1874432698104916e-14
-2.7559622569366174e-14
-3.1209664561887003e-14
-3.261780216234511e-14
-3.172127534212747e-14
-2.8601221677227634e-14
-2.3479700276259012e-14
-1.6712524102438942e-14
-8.77502867412979e-15
-2.376424539169106e-16
8.270580167360925e-15
1.6109710875177316e-14
2.2684064874714056e-14
2.7497985553403522e-14
3.020411981177303e-14
3.063640211015267e-14
2.8822277259461076e-14
2.4972407109780205e-14
1.9450291299813226e-14
1.2727804219143717e-14
5.3346948532747105e-15
-2.189862831958373e-15
-9.337442728770608e-15
-1.5659157545077623e-14
-2.078335926128731e-14
-2.4425189502320574e-14
-2.6392074013262794e-14
-2.658866782440439e-14
-2.5022753885360303e-14
-2.181096482258858e-14
-1.7180928578703872e-14
-1.1465412979705083e-14
-5.084739137037864e-15
1.4839372903798844e-15
7.748549684823857e-15
1.3249988909778331e-14
1.7608367592897457e-14
2.0559659000842094e-14
2.1976283390302967e-14
2.1868511744487387e-14
2.0367679049142996e-14
1.7696013705068975e-14
1.4130347957340779e-14
9.967429197462586e-15
5.4969526486799184e-15
9.853397110395765e-16
-3.3303158136300164e-15
-7.241702818566569e-15
-1.056720356261429e-14
-1.3152894046398377e-14
-1.487916104568858e-14
-1.5672429449427363e-14
-1.5518592622456094e-14
-1.447298627540654e-14
-1.2661789422748833e-14
-1.0271639676941365e-14
-7.52746979396673e-15
-4.662118956691613e-15
-1.8840204133787987e-15
6.496895980948717e-16
2.8483550685709525e-15
4.687902578633272e-15
6.196435306921908e-15
7.429716197118941e-15
8.443513431037623e-15
9.270350410789509e-15
9.906613996970933e-15
1.031273132722143e-14
1.0425227412047211e-14
1.0176110179259744e-14
9.513202328734222e-15
8.415262808116907e-15
6.8978781562660045e-15
5.009417465081291e-15
2.819732832599637e-15
4.066372743086305e-16
-2.154263867278484e-15
-4.792250603276185e-15
-7.43548551730751e-15
-9.998622950107222e-15
-1.2369171746912205e-14
-9.998622950107222e-15
-7.43548551730751e-15
-4.792250603276185e-15
-2.154263867278484e-15
4.066372743086305e-16
2.819732832599637e-15
5.009417465081291e-15
6.8978781562660045e-15
8.415262808116907e-15
9.513202328734222e-15
1.0176110179259744e-14
1.0425227412047211e-14
1.031273132722143e-14
9.906613996970933e-15
9.270350410789509e-15
8.443513431037623e-15
7.429716197118941e-15
6.196435306921908e-15
4.687902578633272e-15
2.8483550685709525e-15
6.496895980948717e-16
-1.8840204133787987e-15
-4.662118956691613e-15
-7.52746979396673e-15
-1.0271639676941365e-14
-1.2661789422748833e-14
-1.447298627540654e-14
-1.5518592622456094e-14
-1.5672429449427363e-14
-1.487916104568858e-14
-1.3152894046398377e-14
-1.056720356261429e-14
-7.241702818566569e-15
-3.3303158136300164e-15
9.853397110395765e-16
5.4969526486799184e-15
9.967429197462586e-15
1.4130347957340779e-14
1.7696013705068975e-14
2.0367679049142996e-14
2.1868511744487387e-14
2.1976283390302967e-14
2.0559659000842094e-14
1.7608367592897457e-14
1.3249988909778331e-14
7.748549684823857e-15
1.4839372903798844e-15
-5.084739137037864e-15
-1.1465412979705083e-14
-1.7180928578703872e-14
-2.181096482258858e-14
-2.5022753885360303e-14
-2.658866782440439e-14
-2.6392074013262794e-14
-2.4425189502320574e-14
-2.078335926128731e-14
-1.5659157545077623e-14
-9.337442728770608e-15
-2.189862831958373e-15
5.3346948532747105e-15
1.2727804219143717e-14
1.9450291299813226e-14
2.4972407109780205e-14
2.8822277259461076e-14
3.063640211015267e-14
3.020411981177303e-14
2.7497985553403522e-14
2.2684064874714056e-14
1.6109710875177316e-14
8.270580167360925e-15
-2.376424539169106e-16
-8.77502867412979e-15
-1.6712524102438942e-14
-2.3479700276259012e-14
-2.8601221677227634e-14
-3.172127534212747e-14
-3.261780216234511e-14
-3.1209664561887003e-14
-2.7559622569366174e-14
-2.1874432698104916e-14
-1.4501223227667976e-14
-5.917425291206432e-15
3.2892507412991804e-15
1.245356426551049e-14
2.0878775856724887e-14
2.7893380688859516e-14
3.291278546625231e-14
3.549790268435272e-14
3.5402009702101355e-14
3.259852283184208e-14
2.7285321898875668e-14
1.9865215810022883e-14
1.0906091414643579e-14
1.0872830925590952e-15
-8.859923646834138e-15
-1.8210176727318795e-14
-2.6294783069115917e-14
-3.254244358316956e-14
-3.6509790159275094e-14
-3.790327859755027e-14
-3.659445528189034e-14
-3.262980542844212e-14
-2.6234766540664573e-14
-1.7809789563570487e-14
-7.915323904738928e-15
2.7571554873748757e-15
1.3429319343938672e-14
2.329386390208607e-14
3.158148048322313e-14
3.762963530332995e-14
4.094447659648871e-14
4.1247514068523747e-14
3.850079025693932e-14
3.2907631508408326e-14
2.4889933726491424e-14
1.5046394455592907e-14
4.098377612099339e-15
-7.16923008714271e-15
-1.796570712728781e-14
-2.7546271476581022e-14
-3.5255873024574403e-14
-4.056494447584709e-14
-4.3098105923728946e-14
-4.265670979703734e-14
-3.923504529990227e-14
-3.302853660552754e-14
-2.443106468645463e-14
-1.401824343670813e-14
-2.5144318225599083e-15
9.256589772400013e-15
2.0434462115141818e-14
3.0192887503399545e-14
3.781021831573367e-14
4.273141477021801e-14
4.46137336061716e-14
4.335095464310083e-14
3.907434327356148e-14
3.2132088167647875e-14
2.305183501924842e-14
1.2492559069536314e-14
1.1921503635793183e-15
-1.008408718867874e-14
-2.0590768928056356e-14
-2.9644361669659855e-14
-3.665992472613909e-14
-4.118332788293658e-14
-4.291904634759583e-14
-4.175236280719716e-14
-3.7763416042855587e-14
-3.122967061917777e-14
-2.2613543682775778e-14
-1.2533300099028783e-14
-1.7177174237759406e-15
9.052111463762054e-15
1.900785696790802e-14
2.7458279936499778e-14
3.384496478346414e-14
3.778295561940002e-14
3.908238136881061e-14
3.775036824917305e-14
3.397559901872565e-14
2.810008263889175e-14
2.0583605057324073e-14
1.1965881746225253e-14
2.829947767974575e-15
-6.231604764602541e-15
-1.4647622880618128e-14
-2.189761089638981e-14
-2.754002773514832e-14
-3.1239464034047524e-14
-3.279095635515112e-14
-3.2138287605068893e-14
-2.938245366643653e-14
-2.4776935943204756e-14
-1.870805135687268e-14
-1.166112583150992e-14
-4.175940313404672e-15
3.2028920579921233e-15
9.973859814899022e-15
1.571837873095896e-14
2.0127803011957064e-14
2.301556512345999e-14
2.43152825990667e-14
2.4068070538508758e-14
2.2403624662850342e-14
1.9519638451509345e-14
1.566292728897318e-14
1.111373048716249e-14
6.1727126888224535e-15
1.1488327273268997e-15
-3.654085297734487e-15
-7.953480515666918e-15
-1.150671555948732e-14
-1.4130288354922303e-14
-1.5716215676993176e-14
-1.6241761197199314e-14
-1.576943268490036e-14
-1.44359953301849e-14
-1.2431666198804788e-14
-9.972987258043485e-15
-7.274437817585211e-15
-4.524164440142073e-15
-1.868154563941378e-15
5.949670924743742e-16
2.808990081464875e-15
4.747903319730773e-15
6.4008151577011495e-15
7.75863270945625e-15
8.806045455915712e-15
9.520350742408044e-15
9.876362754415896e-15
9.854769349289088e-15
9.450401521405621e-15
8.677198904669812e-15
7.568043830971733e-15
6.1696104624224e-15
4.5342663640918926e-15
2.712233282144175e-15
7.472562975114317e-16
-1.3220961984778694e-15
-3.455336603378752e-15
-5.5991721883358934e-15
-7.676515030671645e-15
-9.579690517428822e-15
-1.1171443641872128e-14
-1.2295462741208372e-14
-1.2795594314967037e-14
-1.2540435952533892e-14
-1.1448292115186182e-14
-9.507064769310992e-15
-6.784659714122852e-15
-3.427638088867442e-15
3.51479867727e-16
4.295400517445176e-15
8.127320817725181e-15
1.157559240444244e-14
1.4394116724166596e-14
1.637669118407049e-14
1.7365641853639776e-14
1.725671901798574e-14
1.6002871102588475e-14
1.3618965089802097e-14
1.0188003169470908e-14
5.86744451535393e-15
8.92585004847111e-16
-4.4267840975245724e-15
-9.719661515205082e-15
-1.457848189767839e-14
-1.8593920751071916e-14
-2.139594381519992e-14
-2.2695160398046926e-14
-2.2317812591553867e-14
-2.0228556812475397e-14
-1.6537386684417342e-14
-1.1490036748447996e-14
-5.444206939209005e-15
1.1638138059803795e-15
7.856598549523644e-15
1.415205769533471e-14
1.9595496824349955e-14
2.378594104338715e-14
2.639731463247643e-14
2.7196122722494695e-14
2.6057178774878543e-14
2.2977754331238085e-14
1.8088771046266233e-14
1.1660009755537729e-14
4.095475404252778e-15
-4.084504232633548e-15
-1.2276081504506907e-14
-1.983845564160467e-14
-2.615000449405356e-14
-3.0667269230421534e-14
-3.29788378411214e-14
-3.2846594984798336e-14
-3.0228831815599614e-14
-2.528284150798182e-14
-1.8348071326293203e-14
-9.913804992186901e-15
-5.770412790982358e-16
9.0035753307213e-15
1.8153069514697056e-14
2.6221945352342664e-14
3.2623745250952285e-14
3.6868957404494674e-14
3.85961197282263e-14
3.7600083471751515e-14
3.38557648569453e-14
2.753400385130202e-14
1.9005114576961802e-14
8.825927129471144e-15
-2.2922096719027355e-15
-1.3534121416811197e-14
-2.4046426151018142e-14
-3.3011192498323506e-14
-3.971878727218045e-14
-4.363079801515186e-14
-4.442546053702764e-14
-4.2021000097917944e-14
-3.657595905632516e-14
-2.8469029470253367e-14
-1.8263338413742018e-14
-6.661081601843881e-15
5.546142072163934e-15
1.7527547419208175e-14
2.846213436517934e-14
3.758614718169713e-14
4.4239296406440737e-14
4.790938479560291e-14
4.827342536459322e-14
4.5231482290508074e-14
3.8928082152916486e-14
2.975582027715348e-14
1.833708991599697e-14
5.48259975250699e-15
-7.871025002518439e-15
-2.073859181928634e-14
-3.2169880932880464e-14
-4.1329421314359344e-14
-4.7563261268394936e-14
-5.0445926657327466e-14
-4.980428090348223e-14
-4.5718715974814206e-14
-3.850511977789429e-14
-2.868274552383638e-14
-1.693324501850089e-14
-4.05498348881442e-15
9.085040530795884e-15
2.160100526367499e-14
3.263998171393696e-14
4.143539798204208e-14
4.736067035514367e-14
4.9979407353056855e-14
4.9086752983742725e-14
4.473554453143586e-14
3.724155739017801e-14
2.716431166842397e-14
1.5263358985526618e-14
2.4338968347123976e-15
-1.0370968094021122e-14
-2.2221823679395078e-14
-3.228861467530496e-14
-3.990211380098248e-14
-4.4595947971122135e-14
-4.6127555058510785e-14
-4.4479782135520294e-14
-3.984709797916844e-14
-3.2611166102243105e-14
-2.3309865896258763e-14
-1.2602246424637329e-14
-1.230099264187107e-15
1.0024393082778741e-14
2.0385608804343062e-14
2.9135624642870875e-14
3.5667140146097063e-14
3.9533579457282676e-14
4.0490141313159534e-14
3.851922666839918e-14
3.3834955700300045e-14
2.6864266582235752e-14
1.8205790438329397e-14
8.571447008381142e-15
-1.2814192103395415e-15
-1.0618250315722235e-14
-1.8787302566132618e-14
-2.5265203573535908e-14
-2.9685018170550735e-14
-3.1847202912282034e-14
-3.1716496753901584e-14
-2.940912800062442e-14
-2.51745458157438e-14
-1.9374503620120005e-14
-1.246038234189125e-14
-4.947934320884769e-15
2.6121708166416056e-15
9.669164634211755e-15
1.5711922574599415e-14
2.0310941314154006e-14
2.3157734455722736e-14
2.409560556157692e-14
2.3135979991047897e-14
2.0456277447494147e-14
1.6378346683609783e-14
1.1330040553625442e-14
5.795682280633553e-15
2.6314180002658806e-16
-4.824497295117742e-15
-9.106181739426357e-15
-1.232533527072095e-14
-1.433711982082578e-14
-1.5103081479919666e-14
-1.4677603576361003e-14
-1.3190949204916358e-14
-1.0832618059366452e-14
-7.836763752458323e-15
-4.469270289460924e-15
-1.014537652409108e-15
2.240382334696787e-15
5.0257817921316085e-15
7.113037509938331e-15
8.339489787159581e-15
8.630065471546484e-15
8.010577252302414e-15
6.608427092523565e-15
4.638619625305465e-15
2.3760328948655323e-15
1.1799559555606445e-16
-1.8564721139459307e-15
-3.323535498572156e-15
-4.141162320753843e-15
-4.26142980706588e-15
-3.7276567538999004e-15
-2.6586850891895207e-15
-1.2249955802564918e-15
3.776951721706467e-16
1.9522917362581445e-15
3.3183871201955365e-15
4.323701966738968e-15
4.850253521216908e-15
4.817913438958725e-15
4.188051886481389e-15
2.968800139222505e-15
1.2215563908956042e-15
-9.335770532661916e-16
-3.3169669249954977e-15
-5.696776380205201e-15
-7.80663015677187e-15
-9.37338242094314e-15
-1.0151935742653296e-14
-9.961667517888056e-15
-8.717789600721352e-15
-6.451325618343841e-15
-3.3133227930714097e-15
4.380400442598902e-16
4.465405294525464e-15
8.390356595309075e-15
1.183519960456471e-14
1.4461869296086244e-14
1.6002880360648438e-14
1.6281651792981707e-14
1.5222155921683146e-14
1.2849898554882e-14
9.287187656513494e-15
4.745334295953438e-15
-4.84885104178353e-16
-6.044900909751031e-15
-1.1523965152343294e-14
-1.648100244640247e-14
-2.047424235389325e-14
-2.309831021422817e-14
-2.4025970571142243e-14
-2.304937125651285e-14
-2.0114195674849455e-14
-1.5340144153925105e-14
-9.0227852747731e-15
-1.6147443817774388e-15
6.312247390378617e-15
1.4119596353759868e-14
2.116124484542335e-14
2.6842346804159988e-14
3.0670234039735996e-14
3.2292855855725006e-14
3.152264059449954e-14
2.8346299104503292e-14
2.2922804549195608e-14
1.5572301597652728e-14
6.758096019982362e-15
-2.9373989363012905e-15
-1.2843167767153652e-14
-2.2237600970139227e-14
-3.039463924891497e-14
-3.663716590452332e-14
-4.039450258145998e-14
-4.12585390157446e-14
-3.903140550497628e-14
-3.3757309211104907e-14
-2.573249259191626e-14
-1.5490079985145204e-14
-3.760286440017107e-15
8.589761322155659e-15
2.0629360858867446e-14
3.1441959835617824e-14
4.01986732087599e-14
4.622067318345671e-14
4.902615105181924e-14
4.836033417057798e-14
4.420925993108535e-14
3.679918639092272e-14
2.6583569680585776e-14
1.4218769846614027e-14
5.286435985769905e-16
-1.3542402263759343e-14
-2.698799486802329e-14
-3.88087157530747e-14
-4.808783419486674e-14
-5.40678756533943e-14
-5.622012465064415e-14
-5.4298468341157954e-14
-4.836993661377167e-14
-3.8816872063627325e-14
-2.6309410772245443e-14
-1.1751087828605935e-14
3.795997422802184e-15
1.9197674034084757e-14
3.3336412180390876e-14
4.519382405461602e-14
5.392073673091995e-14
5.889132466719e-14
5.974021653553639e-14
5.638306483605439e-14
4.902156543817266e-14
3.813352006615972e-14
2.4447753231890305e-14
8.903170238339562e-15
-7.408471931262937e-15
-2.3315151625095578e-14
-3.764930576979566e-14
-4.9338756391348914e-14
-5.749552854872696e-14
-6.149296293633804e-14
-6.102187095617361e-14
-5.6118587800459603e-14
-4.7161322799133717e-14
-3.4835474256121414e-14
-2.0072662686558318e-14
-3.9712907122608365e-15
1.2292105000719036e-14
2.755171719393445e-14
4.0734240336074487e-14
5.092869345287739e-14
5.744187050331827e-14
5.983875987355732e-14
5.796802316044422e-14
5.1972415798032895e-14
4.2283292820545943e-14
2.9597703766487243e-14
1.4836654947361226e-14
-9.157202545186193e-16
-1.6490101748249205e-14
-3.0722152051610623e-14
-4.254719165097439e-14
-5.1089686783929887e-14
-5.573741427606778e-14
-5.619155366395567e-14
-5.248700312150538e-14
-4.498132163883105e-14
-3.431498869896572e-14
-2.1349231725831734e-14
-7.089802061256806e-15
7.39451767285896e-15
2.1051053428398796e-14
3.2914572811077676e-14
4.216776630366843e-14
4.818975242780873e-14
5.059244373267164e-14
4.924453334262319e-14
4.428206846479522e-14
3.610366833824895e-14
2.5348086616353744e-14
1.2852510669840175e-14
-4.081203489078857e-16
-1.3397688355908055e-14
-2.5105182476273727e-14
-3.463197787971037e-14
-4.127015036774427e-14
-4.456240801757791e-14
-4.4336556057063426e-14
-4.0711096215148706e-14
-3.4072797057734964e-14
-2.503092253044589e-14
-1.4355460448305618e-14
-2.9076825636586823e-15
8.429315030170289e-15
1.8814365669504825e-14
2.7502994294890154e-14
3.389207417662632e-14
3.755456595019801e-14
3.826471591867482e-14
3.60133466640106e-14
3.101172245200168e-14
2.3681603138353816e-14
1.46291260703421e-14
4.60139787872511e-15
-5.5729562075755966e-15
-1.505505130438105e-14
-2.3071743406106135e-14
-2.898744721173381e-14
-3.236258216722284e-14
-3.299100709676891e-14
-3.091191220419651e-14
-2.639563229726462e-14
-1.990681995529064e-14
-1.2051482031928343e-14
-3.5159099057213486e-15
4.994674713386671e-15
1.2811610125572767e-14
1.934877063484748e-14
2.4137894598153708e-14
2.6853945586187797e-14
2.7331878096596837e-14
2.5575739872677528e-14
2.1759868896978368e-14
1.6220687858780842e-14
9.436949891312321e-15
1.9967335703845813e-15
-5.4488632528523516e-15
-1.2242835773635958e-14
-1.7784917102520056e-14
-2.1592285560426412e-14
-2.3349973002601526e-14
-2.294343230928848e-14
-2.0468205342177065e-14
-1.6215276806229383e-14
-1.0634678422195475e-14
-4.283300024720505e-15
2.2350907676496714e-15
8.329311203016076e-15
1.3472750325248347e-14
1.724342192842627e-14
1.9350496907397076e-14
1.9648165886898802e-14
1.813909107871328e-14
1.4969868995199724e-14
1.0420053919814978e-14
4.8849372221046554e-15
-1.148861001224128e-15
-7.136244036495053e-15
-1.2515364681920892e-14
-1.6756790144809846e-14
-1.9416257700359098e-14
-2.0184955814813217e-14
-1.8930009863772572e-14
-1.5718106861856273e-14
-1.0817111058529156e-14
-4.673790599533487e-15
2.1303066255758376e-15
8.939124487398396e-15
1.5090253927773474e-14
1.9981819850425726e-14
2.312985615446703e-14
2.421029285541504e-14
2.3082811375687032e-14
1.9796882811077467e-14
1.458255370998622e-14
7.829560198817966e-15
5.812873722339553e-17
-8.116249839510366e-15
-1.6023068170698106e-14
-2.2981892792350132e-14
-2.8352019672679815e-14
-3.1585288824829823e-14
-3.227879148717954e-14
-3.022222869774357e-14
-2.543333681149644e-14
-1.8174719279901148e-14
-8.946929626769119e-15
1.544386541440483e-15
1.2445614597570113e-14
2.2830949285475504e-14
3.1788117405725774e-14
3.850377375733648e-14
4.2338604504658843e-14
4.28841975810721e-14
3.9996922812868327e-14
3.380759496394509e-14
2.4708749849065376e-14
1.3323346939866708e-14
4.593996688096062e-16
-1.2945379636137151e-14
-2.588583296959966e-14
-3.735635640709382e-14
-4.642081120836268e-14
-5.2282940373012336e-14
-5.4353543251683304e-14
-5.2309019673780034e-14
-4.6134632995205026e-14
-3.614562489220345e-14
-2.2980573476056097e-14
-7.564155232259204e-15
8.959651962444267e-15
2.53186533230781e-14
4.021884886640431e-14
5.245487879086242e-14
6.101272761552478e-14
6.515433285554187e-14
6.4476666021707e-14
5.894154891035491e-14
4.887609403157264e-14
3.4946495786853884e-14
1.810954466935358e-14
-4.533108069167305e-16
-1.941490808639674e-14
-3.7390508420216664e-14
-5.303163312907911e-14
-6.512173605390839e-14
-7.266877683300406e-14
-7.498831870771585e-14
-7.176956262913577e-14
-6.311640776582267e-14
-4.9556698902931076e-14
-3.201544246677605e-14
-1.1751676098970907e-14
9.736791961792155e-15
3.0832276712682406e-14
4.99280892484821e-14
6.555833422153947e-14
7.651416103079179e-14
8.193633386886063e-14
8.137746275307001e-14
7.483104706935988e-14
6.272785061295546e-14
4.590252215759404e-14
2.553463706699115e-14
3.0686769585768825e-15
-1.9882638388028598e-14
-4.164725423958872e-14
-6.061000012500017e-14
-7.533008110741092e-14
-8.46522953493718e-14
-8.780308093146016e-14
-8.446194086034309e-14
-7.479958812478568e-14
-5.94765477555449e-14
-3.9599795281208915e-14
-1.6639740491221466e-14
7.685357120495856e-15
3.154653483827252e-14
5.314950141463977e-14
7.087454647034512e-14
8.339882515614493e-14
8.979180308269932e-14
8.957826066326741e-14
8.276676003881358e-14
6.984426987027517e-14
5.173945009153844e-14
2.975801507330664e-14
5.494003118354352e-15
-1.9278815221092686e-14
-4.2730341591513876e-14
-6.31059317255695e-14
-7.885833985430269e-14
-8.876991891007145e-14
-9.205420500109824e-14
-8.842636831667723e-14
-7.813402318795113e-14
-6.194350456494854e-14
-4.108146633216937e-14
-1.713674827778303e-14
8.068023150500799e-15
3.262249778197642e-14
5.4678463271097805e-14
7.25903161293498e-14
8.503520725717066e-14
9.110509960465884e-14
9.036631065871492e-14
8.288497612594687e-14
6.921891874769999e-14
5.037764793127619e-14
2.7752964491328006e-14
3.0233645254108674e-15
-2.1963454786024128e-14
-4.5323994535033445e-14
-6.52801284188567e-14
-8.029778640598856e-14
-8.921138875276925e-14
-9.132205444179978e-14
-8.645908548654227e-14
-7.499744524526854e-14
-5.78285249037081e-14
-3.628669405158077e-14
-1.2039047917618346e-14
1.3050462817359775e-14
3.706929292120208e-14
5.820360089666015e-14
7.487277116640237e-14
8.584197552461385e-14
9.030658782616756e-14
8.794499016975662e-14
7.893836884387895e-14
6.395744486501933e-14
4.4116978695557025e-14
2.0899770435591392e-14
-3.946830483366812e-15
-2.85369646624337e-14
-5.098744207486289e-14
-6.956406618323283e-14
-8.282104703124118e-14
-8.972059004124409e-14

